Individual length: 8
Value                 Dim. Size       Range                Description 
0.4                   6               0:0.2:1              Tank_Speed 
15                    4               0:5:15               Score_Pickaxe 
0                     4               0:5:15               Score_Wall_Kill 
2                     3               1:1:3                Pickaxe_Value 
false                 2               True:False           Time_Bonus 
15                    4               0:5:15               Score_Gold 
3                     3               1:1:3                Pickaxe_Limit 
20                    4               10:5:25              Pickaxe_Cooldown 
Search Space Size: 2.765E4

1 -- -540.0: 5 1 2 1 0 0 1 2 
1 -- -547.0: 5 1 2 1 0 0 2 2 
2 -- -540.0: 5 1 2 1 0 0 1 2 
2 -- -851.5: 5 1 2 1 1 0 1 2 
3 -- -227.25: 5 3 2 1 0 0 1 2 
3 -- -851.5: 5 1 2 1 1 0 1 2 
4 -- 328.375: 5 2 2 1 0 0 1 2 
4 -- -851.5: 5 1 2 1 1 0 1 2 
5 -- 638.4375: 5 2 2 1 0 0 2 2 
5 -- -851.5: 5 1 2 1 1 0 1 2 
6 -- 638.4375: 5 2 2 1 0 0 2 2 
6 -- -851.5: 5 1 2 1 1 0 1 2 
7 -- 638.4375: 5 2 2 1 0 0 2 2 
7 -- -851.5: 5 1 2 1 1 0 1 2 
8 -- 638.4375: 5 2 2 1 0 0 2 2 
8 -- -851.5: 5 1 2 1 1 0 1 2 
9 -- 638.4375: 5 2 2 1 0 0 2 2 
9 -- -851.5: 5 1 2 1 1 0 1 2 
10 -- 638.4375: 5 2 2 1 0 0 2 2 
10 -- -851.5: 5 1 2 1 1 0 1 2 
11 -- 1084.71875: 5 2 2 1 0 1 2 2 
11 -- -851.5: 5 1 2 1 1 0 1 2 
12 -- 1084.71875: 5 2 2 1 0 1 2 2 
12 -- -851.5: 5 1 2 1 1 0 1 2 
13 -- 1289.109375: 5 2 0 1 0 1 2 2 
13 -- -851.5: 5 1 2 1 1 0 1 2 
14 -- 1648.8046875: 5 2 0 1 0 2 2 2 
14 -- -851.5: 5 1 2 1 1 0 1 2 
15 -- 1648.8046875: 5 2 0 1 0 2 2 2 
15 -- -851.5: 5 1 2 1 1 0 1 2 
16 -- 1648.8046875: 5 2 0 1 0 2 2 2 
16 -- -851.5: 5 1 2 1 1 0 1 2 
17 -- 1648.8046875: 5 2 0 1 0 2 2 2 
17 -- -851.5: 5 1 2 1 1 0 1 2 
18 -- 1648.8046875: 5 2 0 1 0 2 2 2 
18 -- -851.5: 5 1 2 1 1 0 1 2 
19 -- 1648.8046875: 5 2 0 1 0 2 2 2 
19 -- -851.5: 5 1 2 1 1 0 1 2 
20 -- 1648.8046875: 5 2 0 1 0 2 2 2 
20 -- -851.5: 5 1 2 1 1 0 1 2 
21 -- 1648.8046875: 5 2 0 1 0 2 2 2 
21 -- -851.5: 5 1 2 1 1 0 1 2 
22 -- 1648.8046875: 5 2 0 1 0 2 2 2 
22 -- -851.5: 5 1 2 1 1 0 1 2 
23 -- 1648.8046875: 5 2 0 1 0 2 2 2 
23 -- -851.5: 5 1 2 1 1 0 1 2 
24 -- 1648.8046875: 5 2 0 1 0 2 2 2 
24 -- -851.5: 5 1 2 1 1 0 1 2 
25 -- 1648.8046875: 5 2 0 1 0 2 2 2 
25 -- -851.5: 5 1 2 1 1 0 1 2 
26 -- 1648.8046875: 5 2 0 1 0 2 2 2 
26 -- -851.5: 5 1 2 1 1 0 1 2 
27 -- 1648.8046875: 5 2 0 1 0 2 2 2 
27 -- -851.5: 5 1 2 1 1 0 1 2 
28 -- 1648.8046875: 5 2 0 1 0 2 2 2 
28 -- -851.5: 5 1 2 1 1 0 1 2 
29 -- 1648.8046875: 5 2 0 1 0 2 2 2 
29 -- -851.5: 5 1 2 1 1 0 1 2 
30 -- 1648.8046875: 5 2 0 1 0 2 2 2 
30 -- -851.5: 5 1 2 1 1 0 1 2 
31 -- 1648.8046875: 5 2 0 1 0 2 2 2 
31 -- -851.5: 5 1 2 1 1 0 1 2 
32 -- 1648.8046875: 5 2 0 1 0 2 2 2 
32 -- -851.5: 5 1 2 1 1 0 1 2 
33 -- 1648.8046875: 5 2 0 1 0 2 2 2 
33 -- -851.5: 5 1 2 1 1 0 1 2 
34 -- 1648.8046875: 5 2 0 1 0 2 2 2 
34 -- -851.5: 5 1 2 1 1 0 1 2 
35 -- 1648.8046875: 5 2 0 1 0 2 2 2 
35 -- -851.5: 5 1 2 1 1 0 1 2 
36 -- 1648.8046875: 5 2 0 1 0 2 2 2 
36 -- -851.5: 5 1 2 1 1 0 1 2 
37 -- 1648.8046875: 5 2 0 1 0 2 2 2 
37 -- -851.5: 5 1 2 1 1 0 1 2 
38 -- 1648.8046875: 5 2 0 1 0 2 2 2 
38 -- -851.5: 5 1 2 1 1 0 1 2 
39 -- 1648.8046875: 5 2 0 1 0 2 2 2 
39 -- -851.5: 5 1 2 1 1 0 1 2 
40 -- 1648.8046875: 5 2 0 1 0 2 2 2 
40 -- -851.5: 5 1 2 1 1 0 1 2 
41 -- 1648.8046875: 5 2 0 1 0 2 2 2 
41 -- -851.5: 5 1 2 1 1 0 1 2 
42 -- 1648.8046875: 5 2 0 1 0 2 2 2 
42 -- -851.5: 5 1 2 1 1 0 1 2 
43 -- 1648.8046875: 5 2 0 1 0 2 2 2 
43 -- -851.5: 5 1 2 1 1 0 1 2 
44 -- 1648.8046875: 5 2 0 1 0 2 2 2 
44 -- -851.5: 5 1 2 1 1 0 1 2 
45 -- 1648.8046875: 5 2 0 1 0 2 2 2 
45 -- -851.5: 5 1 2 1 1 0 1 2 
46 -- 1648.8046875: 5 2 0 1 0 2 2 2 
46 -- -851.5: 5 1 2 1 1 0 1 2 
47 -- 1648.8046875: 5 2 0 1 0 2 2 2 
47 -- -851.5: 5 1 2 1 1 0 1 2 
48 -- 1648.8046875: 5 2 0 1 0 2 2 2 
48 -- -851.5: 5 1 2 1 1 0 1 2 
49 -- 1648.8046875: 5 2 0 1 0 2 2 2 
49 -- -851.5: 5 1 2 1 1 0 1 2 
50 -- 1648.8046875: 5 2 0 1 0 2 2 2 
50 -- -851.5: 5 1 2 1 1 0 1 2 
51 -- 1648.8046875: 5 2 0 1 0 2 2 2 
51 -- -851.5: 5 1 2 1 1 0 1 2 
52 -- 1648.8046875: 5 2 0 1 0 2 2 2 
52 -- -851.5: 5 1 2 1 1 0 1 2 
53 -- 1648.8046875: 5 2 0 1 0 2 2 2 
53 -- -851.5: 5 1 2 1 1 0 1 2 
54 -- 1648.8046875: 5 2 0 1 0 2 2 2 
54 -- -851.5: 5 1 2 1 1 0 1 2 
55 -- 1648.8046875: 5 2 0 1 0 2 2 2 
55 -- -851.5: 5 1 2 1 1 0 1 2 
56 -- 1648.8046875: 5 2 0 1 0 2 2 2 
56 -- -851.5: 5 1 2 1 1 0 1 2 
57 -- 1648.8046875: 5 2 0 1 0 2 2 2 
57 -- -851.5: 5 1 2 1 1 0 1 2 
58 -- 1648.8046875: 5 2 0 1 0 2 2 2 
58 -- -851.5: 5 1 2 1 1 0 1 2 
59 -- 1648.8046875: 5 2 0 1 0 2 2 2 
59 -- -851.5: 5 1 2 1 1 0 1 2 
60 -- 1648.8046875: 5 2 0 1 0 2 2 2 
60 -- -851.5: 5 1 2 1 1 0 1 2 
61 -- 1648.8046875: 5 2 0 1 0 2 2 2 
61 -- -851.5: 5 1 2 1 1 0 1 2 
62 -- 1648.8046875: 5 2 0 1 0 2 2 2 
62 -- -851.5: 5 1 2 1 1 0 1 2 
63 -- 1648.8046875: 5 2 0 1 0 2 2 2 
63 -- -851.5: 5 1 2 1 1 0 1 2 
64 -- 1843.52734375: 5 2 0 1 0 1 2 2 
64 -- -851.5: 5 1 2 1 1 0 1 2 
65 -- 1843.52734375: 5 2 0 1 0 1 2 2 
65 -- -851.5: 5 1 2 1 1 0 1 2 
66 -- 1843.52734375: 5 2 0 1 0 1 2 2 
66 -- -851.5: 5 1 2 1 1 0 1 2 
67 -- 1843.52734375: 5 2 0 1 0 1 2 2 
67 -- -851.5: 5 1 2 1 1 0 1 2 
68 -- 1843.52734375: 5 2 0 1 0 1 2 2 
68 -- -851.5: 5 1 2 1 1 0 1 2 
69 -- 1843.52734375: 5 2 0 1 0 1 2 2 
69 -- -851.5: 5 1 2 1 1 0 1 2 
70 -- 1843.52734375: 5 2 0 1 0 1 2 2 
70 -- -851.5: 5 1 2 1 1 0 1 2 
71 -- 1931.763671875: 5 2 0 1 0 2 2 2 
71 -- -851.5: 5 1 2 1 1 0 1 2 
72 -- 1931.763671875: 5 2 0 1 0 2 2 2 
72 -- -851.5: 5 1 2 1 1 0 1 2 
73 -- 1931.763671875: 5 2 0 1 0 2 2 2 
73 -- -851.5: 5 1 2 1 1 0 1 2 
74 -- 1931.763671875: 5 2 0 1 0 2 2 2 
74 -- -851.5: 5 1 2 1 1 0 1 2 
75 -- 1931.763671875: 5 2 0 1 0 2 2 2 
75 -- -851.5: 5 1 2 1 1 0 1 2 
76 -- 2033.1318359375: 5 2 0 1 0 2 2 0 
76 -- -851.5: 5 1 2 1 1 0 1 2 
77 -- 2033.1318359375: 5 2 0 1 0 2 2 0 
77 -- -851.5: 5 1 2 1 1 0 1 2 
78 -- 2033.1318359375: 5 2 0 1 0 2 2 0 
78 -- -851.5: 5 1 2 1 1 0 1 2 
79 -- 2033.1318359375: 5 2 0 1 0 2 2 0 
79 -- -851.5: 5 1 2 1 1 0 1 2 
80 -- 2033.1318359375: 5 2 0 1 0 2 2 0 
80 -- -851.5: 5 1 2 1 1 0 1 2 
81 -- 2033.1318359375: 5 2 0 1 0 2 2 0 
81 -- -851.5: 5 1 2 1 1 0 1 2 
82 -- 2033.1318359375: 5 2 0 1 0 2 2 0 
82 -- -851.5: 5 1 2 1 1 0 1 2 
83 -- 2033.1318359375: 5 2 0 1 0 2 2 0 
83 -- -851.5: 5 1 2 1 1 0 1 2 
84 -- 2033.1318359375: 5 2 0 1 0 2 2 0 
84 -- -851.5: 5 1 2 1 1 0 1 2 
85 -- 2033.1318359375: 5 2 0 1 0 2 2 0 
85 -- -851.5: 5 1 2 1 1 0 1 2 
86 -- 2033.1318359375: 5 2 0 1 0 2 2 0 
86 -- -851.5: 5 1 2 1 1 0 1 2 
87 -- 2033.1318359375: 5 2 0 1 0 2 2 0 
87 -- -851.5: 5 1 2 1 1 0 1 2 
88 -- 2033.1318359375: 5 2 0 1 0 2 2 0 
88 -- -851.5: 5 1 2 1 1 0 1 2 
89 -- 2033.1318359375: 5 2 0 1 0 2 2 0 
89 -- -851.5: 5 1 2 1 1 0 1 2 
90 -- 2033.1318359375: 5 2 0 1 0 2 2 0 
90 -- -851.5: 5 1 2 1 1 0 1 2 
91 -- 2033.1318359375: 5 2 0 1 0 2 2 0 
91 -- -851.5: 5 1 2 1 1 0 1 2 
92 -- 2033.1318359375: 5 2 0 1 0 2 2 0 
92 -- -851.5: 5 1 2 1 1 0 1 2 
93 -- 2033.1318359375: 5 2 0 1 0 2 2 0 
93 -- -851.5: 5 1 2 1 1 0 1 2 
94 -- 2199.44091796875: 5 2 3 1 0 2 2 0 
94 -- -851.5: 5 1 2 1 1 0 1 2 
95 -- 2199.44091796875: 5 2 3 1 0 2 2 0 
95 -- -851.5: 5 1 2 1 1 0 1 2 
96 -- 2199.44091796875: 5 2 3 1 0 2 2 0 
96 -- -851.5: 5 1 2 1 1 0 1 2 
97 -- 2199.44091796875: 5 2 3 1 0 2 2 0 
97 -- -851.5: 5 1 2 1 1 0 1 2 
98 -- 2199.44091796875: 5 2 3 1 0 2 2 0 
98 -- -851.5: 5 1 2 1 1 0 1 2 
99 -- 2199.44091796875: 5 2 3 1 0 2 2 0 
99 -- -851.5: 5 1 2 1 1 0 1 2 
100 -- 2199.44091796875: 5 2 3 1 0 2 2 0 
100 -- -851.5: 5 1 2 1 1 0 1 2 
101 -- 2199.44091796875: 5 2 3 1 0 2 2 0 
101 -- -851.5: 5 1 2 1 1 0 1 2 
102 -- 2199.44091796875: 5 2 3 1 0 2 2 0 
102 -- -851.5: 5 1 2 1 1 0 1 2 
103 -- 2199.44091796875: 5 2 3 1 0 2 2 0 
103 -- -851.5: 5 1 2 1 1 0 1 2 
104 -- 2199.44091796875: 5 2 3 1 0 2 2 0 
104 -- -851.5: 5 1 2 1 1 0 1 2 
105 -- 2199.44091796875: 5 2 3 1 0 2 2 0 
105 -- -851.5: 5 1 2 1 1 0 1 2 
106 -- 2199.44091796875: 5 2 3 1 0 2 2 0 
106 -- -851.5: 5 1 2 1 1 0 1 2 
107 -- 2199.44091796875: 5 2 3 1 0 2 2 0 
107 -- -851.5: 5 1 2 1 1 0 1 2 
108 -- 2199.44091796875: 5 2 3 1 0 2 2 0 
108 -- -851.5: 5 1 2 1 1 0 1 2 
109 -- 2199.44091796875: 5 2 3 1 0 2 2 0 
109 -- -851.5: 5 1 2 1 1 0 1 2 
110 -- 2199.44091796875: 5 2 3 1 0 2 2 0 
110 -- -851.5: 5 1 2 1 1 0 1 2 
111 -- 2199.44091796875: 5 2 3 1 0 2 2 0 
111 -- -851.5: 5 1 2 1 1 0 1 2 
112 -- 2199.44091796875: 5 2 3 1 0 2 2 0 
112 -- -851.5: 5 1 2 1 1 0 1 2 
113 -- 2199.44091796875: 5 2 3 1 0 2 2 0 
113 -- -851.5: 5 1 2 1 1 0 1 2 
114 -- 2199.44091796875: 5 2 3 1 0 2 2 0 
114 -- -851.5: 5 1 2 1 1 0 1 2 
115 -- 2199.44091796875: 5 2 3 1 0 2 2 0 
115 -- -851.5: 5 1 2 1 1 0 1 2 
116 -- 2199.44091796875: 5 2 3 1 0 2 2 0 
116 -- -851.5: 5 1 2 1 1 0 1 2 
117 -- 2199.44091796875: 5 2 3 1 0 2 2 0 
117 -- -851.5: 5 1 2 1 1 0 1 2 
118 -- 2199.44091796875: 5 2 3 1 0 2 2 0 
118 -- -851.5: 5 1 2 1 1 0 1 2 
119 -- 2199.44091796875: 5 2 3 1 0 2 2 0 
119 -- -851.5: 5 1 2 1 1 0 1 2 
120 -- 2199.44091796875: 5 2 3 1 0 2 2 0 
120 -- -851.5: 5 1 2 1 1 0 1 2 
121 -- 2199.44091796875: 5 2 3 1 0 2 2 0 
121 -- -851.5: 5 1 2 1 1 0 1 2 
122 -- 2199.44091796875: 5 2 3 1 0 2 2 0 
122 -- -851.5: 5 1 2 1 1 0 1 2 
123 -- 2199.44091796875: 5 2 3 1 0 2 2 0 
123 -- -851.5: 5 1 2 1 1 0 1 2 
124 -- 2199.44091796875: 5 2 3 1 0 2 2 0 
124 -- -851.5: 5 1 2 1 1 0 1 2 
125 -- 2199.44091796875: 5 2 3 1 0 2 2 0 
125 -- -851.5: 5 1 2 1 1 0 1 2 
126 -- 2199.44091796875: 5 2 3 1 0 2 2 0 
126 -- -851.5: 5 1 2 1 1 0 1 2 
127 -- 2199.44091796875: 5 2 3 1 0 2 2 0 
127 -- -851.5: 5 1 2 1 1 0 1 2 
128 -- 2199.44091796875: 5 2 3 1 0 2 2 0 
128 -- -851.5: 5 1 2 1 1 0 1 2 
129 -- 2199.44091796875: 5 2 3 1 0 2 2 0 
129 -- -851.5: 5 1 2 1 1 0 1 2 
130 -- 2199.44091796875: 5 2 3 1 0 2 2 0 
130 -- -851.5: 5 1 2 1 1 0 1 2 
131 -- 2199.44091796875: 5 2 3 1 0 2 2 0 
131 -- -851.5: 5 1 2 1 1 0 1 2 
132 -- 2199.44091796875: 5 2 3 1 0 2 2 0 
132 -- -851.5: 5 1 2 1 1 0 1 2 
133 -- 2199.44091796875: 5 2 3 1 0 2 2 0 
133 -- -851.5: 5 1 2 1 1 0 1 2 
134 -- 2199.44091796875: 5 2 3 1 0 2 2 0 
134 -- -851.5: 5 1 2 1 1 0 1 2 
135 -- 2199.44091796875: 5 2 3 1 0 2 2 0 
135 -- -851.5: 5 1 2 1 1 0 1 2 
136 -- 2199.44091796875: 5 2 3 1 0 2 2 0 
136 -- -851.5: 5 1 2 1 1 0 1 2 
137 -- 2199.44091796875: 5 2 3 1 0 2 2 0 
137 -- -851.5: 5 1 2 1 1 0 1 2 
138 -- 2199.44091796875: 5 2 3 1 0 2 2 0 
138 -- -851.5: 5 1 2 1 1 0 1 2 
139 -- 2199.44091796875: 5 2 3 1 0 2 2 0 
139 -- -851.5: 5 1 2 1 1 0 1 2 
140 -- 2199.44091796875: 5 2 3 1 0 2 2 0 
140 -- -851.5: 5 1 2 1 1 0 1 2 
141 -- 2199.44091796875: 5 2 3 1 0 2 2 0 
141 -- -851.5: 5 1 2 1 1 0 1 2 
142 -- 2199.44091796875: 5 2 3 1 0 2 2 0 
142 -- -851.5: 5 1 2 1 1 0 1 2 
143 -- 2199.44091796875: 5 2 3 1 0 2 2 0 
143 -- -851.5: 5 1 2 1 1 0 1 2 
144 -- 2199.44091796875: 5 2 3 1 0 2 2 0 
144 -- -851.5: 5 1 2 1 1 0 1 2 
145 -- 2199.44091796875: 5 2 3 1 0 2 2 0 
145 -- -851.5: 5 1 2 1 1 0 1 2 
146 -- 2199.44091796875: 5 2 3 1 0 2 2 0 
146 -- -851.5: 5 1 2 1 1 0 1 2 
147 -- 2199.44091796875: 5 2 3 1 0 2 2 0 
147 -- -851.5: 5 1 2 1 1 0 1 2 
148 -- 2199.44091796875: 5 2 3 1 0 2 2 0 
148 -- -851.5: 5 1 2 1 1 0 1 2 
149 -- 2199.44091796875: 5 2 3 1 0 2 2 0 
149 -- -851.5: 5 1 2 1 1 0 1 2 
150 -- 2199.44091796875: 5 2 3 1 0 2 2 0 
150 -- -851.5: 5 1 2 1 1 0 1 2 
151 -- 2199.44091796875: 5 2 3 1 0 2 2 0 
151 -- -851.5: 5 1 2 1 1 0 1 2 
152 -- 2199.44091796875: 5 2 3 1 0 2 2 0 
152 -- -851.5: 5 1 2 1 1 0 1 2 
153 -- 2199.44091796875: 5 2 3 1 0 2 2 0 
153 -- -851.5: 5 1 2 1 1 0 1 2 
154 -- 2199.44091796875: 5 2 3 1 0 2 2 0 
154 -- -851.5: 5 1 2 1 1 0 1 2 
155 -- 2199.44091796875: 5 2 3 1 0 2 2 0 
155 -- -851.5: 5 1 2 1 1 0 1 2 
156 -- 2199.44091796875: 5 2 3 1 0 2 2 0 
156 -- -851.5: 5 1 2 1 1 0 1 2 
157 -- 2199.44091796875: 5 2 3 1 0 2 2 0 
157 -- -851.5: 5 1 2 1 1 0 1 2 
158 -- 2199.44091796875: 5 2 3 1 0 2 2 0 
158 -- -851.5: 5 1 2 1 1 0 1 2 
159 -- 2199.44091796875: 5 2 3 1 0 2 2 0 
159 -- -851.5: 5 1 2 1 1 0 1 2 
160 -- 2199.44091796875: 5 2 3 1 0 2 2 0 
160 -- -851.5: 5 1 2 1 1 0 1 2 
161 -- 2199.44091796875: 5 2 3 1 0 2 2 0 
161 -- -851.5: 5 1 2 1 1 0 1 2 
162 -- 2199.44091796875: 5 2 3 1 0 2 2 0 
162 -- -851.5: 5 1 2 1 1 0 1 2 
163 -- 2199.44091796875: 5 2 3 1 0 2 2 0 
163 -- -851.5: 5 1 2 1 1 0 1 2 
164 -- 2199.44091796875: 5 2 3 1 0 2 2 0 
164 -- -851.5: 5 1 2 1 1 0 1 2 
165 -- 2199.44091796875: 5 2 3 1 0 2 2 0 
165 -- -851.5: 5 1 2 1 1 0 1 2 
166 -- 2199.44091796875: 5 2 3 1 0 2 2 0 
166 -- -851.5: 5 1 2 1 1 0 1 2 
167 -- 2199.44091796875: 5 2 3 1 0 2 2 0 
167 -- -851.5: 5 1 2 1 1 0 1 2 
168 -- 2199.44091796875: 5 2 3 1 0 2 2 0 
168 -- -851.5: 5 1 2 1 1 0 1 2 
169 -- 2199.44091796875: 5 2 3 1 0 2 2 0 
169 -- -851.5: 5 1 2 1 1 0 1 2 
170 -- 2199.44091796875: 5 2 3 1 0 2 2 0 
170 -- -851.5: 5 1 2 1 1 0 1 2 
171 -- 2199.44091796875: 5 2 3 1 0 2 2 0 
171 -- -851.5: 5 1 2 1 1 0 1 2 
172 -- 2199.44091796875: 5 2 3 1 0 2 2 0 
172 -- -851.5: 5 1 2 1 1 0 1 2 
173 -- 2199.44091796875: 5 2 3 1 0 2 2 0 
173 -- -851.5: 5 1 2 1 1 0 1 2 
174 -- 2199.44091796875: 5 2 3 1 0 2 2 0 
174 -- -851.5: 5 1 2 1 1 0 1 2 
175 -- 2199.44091796875: 5 2 3 1 0 2 2 0 
175 -- -851.5: 5 1 2 1 1 0 1 2 
176 -- 2199.44091796875: 5 2 3 1 0 2 2 0 
176 -- -851.5: 5 1 2 1 1 0 1 2 
177 -- 2199.44091796875: 5 2 3 1 0 2 2 0 
177 -- -851.5: 5 1 2 1 1 0 1 2 
178 -- 2199.44091796875: 5 2 3 1 0 2 2 0 
178 -- -851.5: 5 1 2 1 1 0 1 2 
179 -- 2199.44091796875: 5 2 3 1 0 2 2 0 
179 -- -851.5: 5 1 2 1 1 0 1 2 
180 -- 2199.44091796875: 5 2 3 1 0 2 2 0 
180 -- -851.5: 5 1 2 1 1 0 1 2 
181 -- 2199.44091796875: 5 2 3 1 0 2 2 0 
181 -- -851.5: 5 1 2 1 1 0 1 2 
182 -- 2199.44091796875: 5 2 3 1 0 2 2 0 
182 -- -851.5: 5 1 2 1 1 0 1 2 
183 -- 2199.44091796875: 5 2 3 1 0 2 2 0 
183 -- -851.5: 5 1 2 1 1 0 1 2 
184 -- 2199.44091796875: 5 2 3 1 0 2 2 0 
184 -- -851.5: 5 1 2 1 1 0 1 2 
185 -- 2199.44091796875: 5 2 3 1 0 2 2 0 
185 -- -851.5: 5 1 2 1 1 0 1 2 
186 -- 2199.44091796875: 5 2 3 1 0 2 2 0 
186 -- -851.5: 5 1 2 1 1 0 1 2 
187 -- 2199.44091796875: 5 2 3 1 0 2 2 0 
187 -- -851.5: 5 1 2 1 1 0 1 2 
188 -- 2199.44091796875: 5 2 3 1 0 2 2 0 
188 -- -851.5: 5 1 2 1 1 0 1 2 
189 -- 2199.44091796875: 5 2 3 1 0 2 2 0 
189 -- -851.5: 5 1 2 1 1 0 1 2 
190 -- 2199.44091796875: 5 2 3 1 0 2 2 0 
190 -- -851.5: 5 1 2 1 1 0 1 2 
191 -- 2199.44091796875: 5 2 3 1 0 2 2 0 
191 -- -851.5: 5 1 2 1 1 0 1 2 
192 -- 2199.44091796875: 5 2 3 1 0 2 2 0 
192 -- -851.5: 5 1 2 1 1 0 1 2 
193 -- 2199.44091796875: 5 2 3 1 0 2 2 0 
193 -- -851.5: 5 1 2 1 1 0 1 2 
194 -- 2199.44091796875: 5 2 3 1 0 2 2 0 
194 -- -851.5: 5 1 2 1 1 0 1 2 
195 -- 2199.44091796875: 5 2 3 1 0 2 2 0 
195 -- -851.5: 5 1 2 1 1 0 1 2 
196 -- 2199.44091796875: 5 2 3 1 0 2 2 0 
196 -- -851.5: 5 1 2 1 1 0 1 2 
197 -- 2199.44091796875: 5 2 3 1 0 2 2 0 
197 -- -851.5: 5 1 2 1 1 0 1 2 
198 -- 2199.44091796875: 5 2 3 1 0 2 2 0 
198 -- -851.5: 5 1 2 1 1 0 1 2 
199 -- 2199.44091796875: 5 2 3 1 0 2 2 0 
199 -- -851.5: 5 1 2 1 1 0 1 2 
200 -- 2199.44091796875: 5 2 3 1 0 2 2 0 
200 -- -851.5: 5 1 2 1 1 0 1 2 
201 -- 2199.44091796875: 5 2 3 1 0 2 2 0 
201 -- -851.5: 5 1 2 1 1 0 1 2 
202 -- 2199.44091796875: 5 2 3 1 0 2 2 0 
202 -- -851.5: 5 1 2 1 1 0 1 2 
203 -- 2199.44091796875: 5 2 3 1 0 2 2 0 
203 -- -851.5: 5 1 2 1 1 0 1 2 
204 -- 2199.44091796875: 5 2 3 1 0 2 2 0 
204 -- -851.5: 5 1 2 1 1 0 1 2 
205 -- 2199.44091796875: 5 2 3 1 0 2 2 0 
205 -- -851.5: 5 1 2 1 1 0 1 2 
206 -- 2199.44091796875: 5 2 3 1 0 2 2 0 
206 -- -851.5: 5 1 2 1 1 0 1 2 
207 -- 2199.44091796875: 5 2 3 1 0 2 2 0 
207 -- -851.5: 5 1 2 1 1 0 1 2 
208 -- 2199.44091796875: 5 2 3 1 0 2 2 0 
208 -- -851.5: 5 1 2 1 1 0 1 2 
209 -- 2199.44091796875: 5 2 3 1 0 2 2 0 
209 -- -851.5: 5 1 2 1 1 0 1 2 
210 -- 2199.44091796875: 5 2 3 1 0 2 2 0 
210 -- -851.5: 5 1 2 1 1 0 1 2 
211 -- 2199.44091796875: 5 2 3 1 0 2 2 0 
211 -- -851.5: 5 1 2 1 1 0 1 2 
212 -- 2199.44091796875: 5 2 3 1 0 2 2 0 
212 -- -851.5: 5 1 2 1 1 0 1 2 
213 -- 2225.845458984375: 5 3 3 1 0 2 2 0 
213 -- -851.5: 5 1 2 1 1 0 1 2 
214 -- 2225.845458984375: 5 3 3 1 0 2 2 0 
214 -- -851.5: 5 1 2 1 1 0 1 2 
215 -- 2225.845458984375: 5 3 3 1 0 2 2 0 
215 -- -851.5: 5 1 2 1 1 0 1 2 
216 -- 2225.845458984375: 5 3 3 1 0 2 2 0 
216 -- -851.5: 5 1 2 1 1 0 1 2 
217 -- 2225.845458984375: 5 3 3 1 0 2 2 0 
217 -- -851.5: 5 1 2 1 1 0 1 2 
218 -- 2225.845458984375: 5 3 3 1 0 2 2 0 
218 -- -851.5: 5 1 2 1 1 0 1 2 
219 -- 2225.845458984375: 5 3 3 1 0 2 2 0 
219 -- -851.5: 5 1 2 1 1 0 1 2 
220 -- 2225.845458984375: 5 3 3 1 0 2 2 0 
220 -- -851.5: 5 1 2 1 1 0 1 2 
221 -- 2225.845458984375: 5 3 3 1 0 2 2 0 
221 -- -851.5: 5 1 2 1 1 0 1 2 
222 -- 2225.845458984375: 5 3 3 1 0 2 2 0 
222 -- -851.5: 5 1 2 1 1 0 1 2 
223 -- 2225.845458984375: 5 3 3 1 0 2 2 0 
223 -- -851.5: 5 1 2 1 1 0 1 2 
224 -- 2225.845458984375: 5 3 3 1 0 2 2 0 
224 -- -851.5: 5 1 2 1 1 0 1 2 
225 -- 2225.845458984375: 5 3 3 1 0 2 2 0 
225 -- -851.5: 5 1 2 1 1 0 1 2 
226 -- 2225.845458984375: 5 3 3 1 0 2 2 0 
226 -- -851.5: 5 1 2 1 1 0 1 2 
227 -- 2225.845458984375: 5 3 3 1 0 2 2 0 
227 -- -851.5: 5 1 2 1 1 0 1 2 
228 -- 2225.845458984375: 5 3 3 1 0 2 2 0 
228 -- -851.5: 5 1 2 1 1 0 1 2 
229 -- 2225.845458984375: 5 3 3 1 0 2 2 0 
229 -- -851.5: 5 1 2 1 1 0 1 2 
230 -- 2225.845458984375: 5 3 3 1 0 2 2 0 
230 -- -851.5: 5 1 2 1 1 0 1 2 
231 -- 2225.845458984375: 5 3 3 1 0 2 2 0 
231 -- -851.5: 5 1 2 1 1 0 1 2 
232 -- 2225.845458984375: 5 3 3 1 0 2 2 0 
232 -- -851.5: 5 1 2 1 1 0 1 2 
233 -- 2225.845458984375: 5 3 3 1 0 2 2 0 
233 -- -851.5: 5 1 2 1 1 0 1 2 
234 -- 2225.845458984375: 5 3 3 1 0 2 2 0 
234 -- -851.5: 5 1 2 1 1 0 1 2 
235 -- 2225.845458984375: 5 3 3 1 0 2 2 0 
235 -- -851.5: 5 1 2 1 1 0 1 2 
236 -- 2225.845458984375: 5 3 3 1 0 2 2 0 
236 -- -851.5: 5 1 2 1 1 0 1 2 
237 -- 2225.845458984375: 5 3 3 1 0 2 2 0 
237 -- -851.5: 5 1 2 1 1 0 1 2 
238 -- 2225.845458984375: 5 3 3 1 0 2 2 0 
238 -- -851.5: 5 1 2 1 1 0 1 2 
239 -- 2225.845458984375: 5 3 3 1 0 2 2 0 
239 -- -851.5: 5 1 2 1 1 0 1 2 
240 -- 2225.845458984375: 5 3 3 1 0 2 2 0 
240 -- -851.5: 5 1 2 1 1 0 1 2 
241 -- 2225.845458984375: 5 3 3 1 0 2 2 0 
241 -- -851.5: 5 1 2 1 1 0 1 2 
242 -- 2225.845458984375: 5 3 3 1 0 2 2 0 
242 -- -851.5: 5 1 2 1 1 0 1 2 
243 -- 2225.845458984375: 5 3 3 1 0 2 2 0 
243 -- -851.5: 5 1 2 1 1 0 1 2 
244 -- 2225.845458984375: 5 3 3 1 0 2 2 0 
244 -- -851.5: 5 1 2 1 1 0 1 2 
245 -- 2225.845458984375: 5 3 3 1 0 2 2 0 
245 -- -851.5: 5 1 2 1 1 0 1 2 
246 -- 2225.845458984375: 5 3 3 1 0 2 2 0 
246 -- -851.5: 5 1 2 1 1 0 1 2 
247 -- 2225.845458984375: 5 3 3 1 0 2 2 0 
247 -- -851.5: 5 1 2 1 1 0 1 2 
248 -- 2225.845458984375: 5 3 3 1 0 2 2 0 
248 -- -851.5: 5 1 2 1 1 0 1 2 
249 -- 2225.845458984375: 5 3 3 1 0 2 2 0 
249 -- -851.5: 5 1 2 1 1 0 1 2 
250 -- 2225.845458984375: 5 3 3 1 0 2 2 0 
250 -- -851.5: 5 1 2 1 1 0 1 2 
251 -- 2225.845458984375: 5 3 3 1 0 2 2 0 
251 -- -851.5: 5 1 2 1 1 0 1 2 
252 -- 2225.845458984375: 5 3 3 1 0 2 2 0 
252 -- -851.5: 5 1 2 1 1 0 1 2 
253 -- 2225.845458984375: 5 3 3 1 0 2 2 0 
253 -- -851.5: 5 1 2 1 1 0 1 2 
254 -- 2225.845458984375: 5 3 3 1 0 2 2 0 
254 -- -851.5: 5 1 2 1 1 0 1 2 
255 -- 2225.845458984375: 5 3 3 1 0 2 2 0 
255 -- -851.5: 5 1 2 1 1 0 1 2 
256 -- 2225.845458984375: 5 3 3 1 0 2 2 0 
256 -- -851.5: 5 1 2 1 1 0 1 2 
257 -- 2225.845458984375: 5 3 3 1 0 2 2 0 
257 -- -851.5: 5 1 2 1 1 0 1 2 
258 -- 2225.845458984375: 5 3 3 1 0 2 2 0 
258 -- -851.5: 5 1 2 1 1 0 1 2 
259 -- 2225.845458984375: 5 3 3 1 0 2 2 0 
259 -- -851.5: 5 1 2 1 1 0 1 2 
260 -- 2225.845458984375: 5 3 3 1 0 2 2 0 
260 -- -851.5: 5 1 2 1 1 0 1 2 
261 -- 2225.845458984375: 5 3 3 1 0 2 2 0 
261 -- -851.5: 5 1 2 1 1 0 1 2 
262 -- 2225.845458984375: 5 3 3 1 0 2 2 0 
262 -- -851.5: 5 1 2 1 1 0 1 2 
263 -- 2225.845458984375: 5 3 3 1 0 2 2 0 
263 -- -851.5: 5 1 2 1 1 0 1 2 
264 -- 2225.845458984375: 5 3 3 1 0 2 2 0 
264 -- -851.5: 5 1 2 1 1 0 1 2 
265 -- 2225.845458984375: 5 3 3 1 0 2 2 0 
265 -- -851.5: 5 1 2 1 1 0 1 2 
266 -- 2225.845458984375: 5 3 3 1 0 2 2 0 
266 -- -851.5: 5 1 2 1 1 0 1 2 
267 -- 2225.845458984375: 5 3 3 1 0 2 2 0 
267 -- -851.5: 5 1 2 1 1 0 1 2 
268 -- 2225.845458984375: 5 3 3 1 0 2 2 0 
268 -- -851.5: 5 1 2 1 1 0 1 2 
269 -- 2225.845458984375: 5 3 3 1 0 2 2 0 
269 -- -851.5: 5 1 2 1 1 0 1 2 
270 -- 2225.845458984375: 5 3 3 1 0 2 2 0 
270 -- -851.5: 5 1 2 1 1 0 1 2 
271 -- 2225.845458984375: 5 3 3 1 0 2 2 0 
271 -- -851.5: 5 1 2 1 1 0 1 2 
272 -- 2225.845458984375: 5 3 3 1 0 2 2 0 
272 -- -851.5: 5 1 2 1 1 0 1 2 
273 -- 2225.845458984375: 5 3 3 1 0 2 2 0 
273 -- -851.5: 5 1 2 1 1 0 1 2 
274 -- 2225.845458984375: 5 3 3 1 0 2 2 0 
274 -- -851.5: 5 1 2 1 1 0 1 2 
275 -- 2225.845458984375: 5 3 3 1 0 2 2 0 
275 -- -851.5: 5 1 2 1 1 0 1 2 
276 -- 2225.845458984375: 5 3 3 1 0 2 2 0 
276 -- -851.5: 5 1 2 1 1 0 1 2 
277 -- 2225.845458984375: 5 3 3 1 0 2 2 0 
277 -- -851.5: 5 1 2 1 1 0 1 2 
278 -- 2225.845458984375: 5 3 3 1 0 2 2 0 
278 -- -851.5: 5 1 2 1 1 0 1 2 
279 -- 2225.845458984375: 5 3 3 1 0 2 2 0 
279 -- -851.5: 5 1 2 1 1 0 1 2 
280 -- 2225.845458984375: 5 3 3 1 0 2 2 0 
280 -- -851.5: 5 1 2 1 1 0 1 2 
281 -- 2225.845458984375: 5 3 3 1 0 2 2 0 
281 -- -851.5: 5 1 2 1 1 0 1 2 
282 -- 2225.845458984375: 5 3 3 1 0 2 2 0 
282 -- -851.5: 5 1 2 1 1 0 1 2 
283 -- 2225.845458984375: 5 3 3 1 0 2 2 0 
283 -- -851.5: 5 1 2 1 1 0 1 2 
284 -- 2225.845458984375: 5 3 3 1 0 2 2 0 
284 -- -851.5: 5 1 2 1 1 0 1 2 
285 -- 2225.845458984375: 5 3 3 1 0 2 2 0 
285 -- -851.5: 5 1 2 1 1 0 1 2 
286 -- 2225.845458984375: 5 3 3 1 0 2 2 0 
286 -- -851.5: 5 1 2 1 1 0 1 2 
287 -- 2225.845458984375: 5 3 3 1 0 2 2 0 
287 -- -851.5: 5 1 2 1 1 0 1 2 
288 -- 2225.845458984375: 5 3 3 1 0 2 2 0 
288 -- -851.5: 5 1 2 1 1 0 1 2 
289 -- 2225.845458984375: 5 3 3 1 0 2 2 0 
289 -- -851.5: 5 1 2 1 1 0 1 2 
290 -- 2225.845458984375: 5 3 3 1 0 2 2 0 
290 -- -851.5: 5 1 2 1 1 0 1 2 
291 -- 2225.845458984375: 5 3 3 1 0 2 2 0 
291 -- -851.5: 5 1 2 1 1 0 1 2 
292 -- 2225.845458984375: 5 3 3 1 0 2 2 0 
292 -- -851.5: 5 1 2 1 1 0 1 2 
293 -- 2225.845458984375: 5 3 3 1 0 2 2 0 
293 -- -851.5: 5 1 2 1 1 0 1 2 
294 -- 2250.9227294921875: 5 0 3 1 0 2 2 0 
294 -- -851.5: 5 1 2 1 1 0 1 2 
295 -- 2250.9227294921875: 5 0 3 1 0 2 2 0 
295 -- -851.5: 5 1 2 1 1 0 1 2 
296 -- 2337.5863647460938: 5 0 3 1 1 2 2 0 
296 -- -851.5: 5 1 2 1 1 0 1 2 
297 -- 2337.5863647460938: 5 0 3 1 1 2 2 0 
297 -- -851.5: 5 1 2 1 1 0 1 2 
298 -- 2337.5863647460938: 5 0 3 1 1 2 2 0 
298 -- -851.5: 5 1 2 1 1 0 1 2 
299 -- 2337.5863647460938: 5 0 3 1 1 2 2 0 
299 -- -851.5: 5 1 2 1 1 0 1 2 
300 -- 2337.5863647460938: 5 0 3 1 1 2 2 0 
300 -- -851.5: 5 1 2 1 1 0 1 2 
301 -- 2337.5863647460938: 5 0 3 1 1 2 2 0 
301 -- -851.5: 5 1 2 1 1 0 1 2 
302 -- 2337.5863647460938: 5 0 3 1 1 2 2 0 
302 -- -851.5: 5 1 2 1 1 0 1 2 
303 -- 2337.5863647460938: 5 0 3 1 1 2 2 0 
303 -- -851.5: 5 1 2 1 1 0 1 2 
304 -- 2337.5863647460938: 5 0 3 1 1 2 2 0 
304 -- -851.5: 5 1 2 1 1 0 1 2 
305 -- 2337.5863647460938: 5 0 3 1 1 2 2 0 
305 -- -851.5: 5 1 2 1 1 0 1 2 
306 -- 2337.5863647460938: 5 0 3 1 1 2 2 0 
306 -- -851.5: 5 1 2 1 1 0 1 2 
307 -- 2337.5863647460938: 5 0 3 1 1 2 2 0 
307 -- -851.5: 5 1 2 1 1 0 1 2 
308 -- 2337.5863647460938: 5 0 3 1 1 2 2 0 
308 -- -851.5: 5 1 2 1 1 0 1 2 
309 -- 2337.5863647460938: 5 0 3 1 1 2 2 0 
309 -- -851.5: 5 1 2 1 1 0 1 2 
310 -- 2337.5863647460938: 5 0 3 1 1 2 2 0 
310 -- -851.5: 5 1 2 1 1 0 1 2 
311 -- 2337.5863647460938: 5 0 3 1 1 2 2 0 
311 -- -851.5: 5 1 2 1 1 0 1 2 
312 -- 2337.5863647460938: 5 0 3 1 1 2 2 0 
312 -- -851.5: 5 1 2 1 1 0 1 2 
313 -- 2337.5863647460938: 5 0 3 1 1 2 2 0 
313 -- -851.5: 5 1 2 1 1 0 1 2 
314 -- 2337.5863647460938: 5 0 3 1 1 2 2 0 
314 -- -851.5: 5 1 2 1 1 0 1 2 
315 -- 2337.5863647460938: 5 0 3 1 1 2 2 0 
315 -- -851.5: 5 1 2 1 1 0 1 2 
316 -- 2337.5863647460938: 5 0 3 1 1 2 2 0 
316 -- -851.5: 5 1 2 1 1 0 1 2 
317 -- 2337.5863647460938: 5 0 3 1 1 2 2 0 
317 -- -851.5: 5 1 2 1 1 0 1 2 
318 -- 2337.5863647460938: 5 0 3 1 1 2 2 0 
318 -- -851.5: 5 1 2 1 1 0 1 2 
319 -- 2337.5863647460938: 5 0 3 1 1 2 2 0 
319 -- -851.5: 5 1 2 1 1 0 1 2 
320 -- 2337.5863647460938: 5 0 3 1 1 2 2 0 
320 -- -851.5: 5 1 2 1 1 0 1 2 
321 -- 2337.5863647460938: 5 0 3 1 1 2 2 0 
321 -- -851.5: 5 1 2 1 1 0 1 2 
322 -- 2337.5863647460938: 5 0 3 1 1 2 2 0 
322 -- -851.5: 5 1 2 1 1 0 1 2 
323 -- 2635.293182373047: 5 0 3 1 0 2 2 0 
323 -- -851.5: 5 1 2 1 1 0 1 2 
324 -- 2635.293182373047: 5 0 3 1 0 2 2 0 
324 -- -851.5: 5 1 2 1 1 0 1 2 
325 -- 2635.293182373047: 5 0 3 1 0 2 2 0 
325 -- -851.5: 5 1 2 1 1 0 1 2 
326 -- 2635.293182373047: 5 0 3 1 0 2 2 0 
326 -- -851.5: 5 1 2 1 1 0 1 2 
327 -- 2635.293182373047: 5 0 3 1 0 2 2 0 
327 -- -851.5: 5 1 2 1 1 0 1 2 
328 -- 2635.293182373047: 5 0 3 1 0 2 2 0 
328 -- -851.5: 5 1 2 1 1 0 1 2 
329 -- 2635.293182373047: 5 0 3 1 0 2 2 0 
329 -- -851.5: 5 1 2 1 1 0 1 2 
330 -- 2635.293182373047: 5 0 3 1 0 2 2 0 
330 -- -851.5: 5 1 2 1 1 0 1 2 
331 -- 2635.293182373047: 5 0 3 1 0 2 2 0 
331 -- -851.5: 5 1 2 1 1 0 1 2 
332 -- 2635.293182373047: 5 0 3 1 0 2 2 0 
332 -- -851.5: 5 1 2 1 1 0 1 2 
333 -- 2635.293182373047: 5 0 3 1 0 2 2 0 
333 -- -851.5: 5 1 2 1 1 0 1 2 
334 -- 2635.293182373047: 5 0 3 1 0 2 2 0 
334 -- -851.5: 5 1 2 1 1 0 1 2 
335 -- 2635.293182373047: 5 0 3 1 0 2 2 0 
335 -- -851.5: 5 1 2 1 1 0 1 2 
336 -- 2635.293182373047: 5 0 3 1 0 2 2 0 
336 -- -851.5: 5 1 2 1 1 0 1 2 
337 -- 2635.293182373047: 5 0 3 1 0 2 2 0 
337 -- -851.5: 5 1 2 1 1 0 1 2 
338 -- 2635.293182373047: 5 0 3 1 0 2 2 0 
338 -- -851.5: 5 1 2 1 1 0 1 2 
339 -- 2635.293182373047: 5 0 3 1 0 2 2 0 
339 -- -851.5: 5 1 2 1 1 0 1 2 
340 -- 2635.293182373047: 5 0 3 1 0 2 2 0 
340 -- -851.5: 5 1 2 1 1 0 1 2 
341 -- 2635.293182373047: 5 0 3 1 0 2 2 0 
341 -- -851.5: 5 1 2 1 1 0 1 2 
342 -- 2635.293182373047: 5 0 3 1 0 2 2 0 
342 -- -851.5: 5 1 2 1 1 0 1 2 
343 -- 2635.293182373047: 5 0 3 1 0 2 2 0 
343 -- -851.5: 5 1 2 1 1 0 1 2 
344 -- 2635.293182373047: 5 0 3 1 0 2 2 0 
344 -- -851.5: 5 1 2 1 1 0 1 2 
345 -- 2635.293182373047: 5 0 3 1 0 2 2 0 
345 -- -851.5: 5 1 2 1 1 0 1 2 
346 -- 2635.293182373047: 5 0 3 1 0 2 2 0 
346 -- -851.5: 5 1 2 1 1 0 1 2 
347 -- 2635.293182373047: 5 0 3 1 0 2 2 0 
347 -- -851.5: 5 1 2 1 1 0 1 2 
348 -- 2635.293182373047: 5 0 3 1 0 2 2 0 
348 -- -851.5: 5 1 2 1 1 0 1 2 
349 -- 2635.293182373047: 5 0 3 1 0 2 2 0 
349 -- -851.5: 5 1 2 1 1 0 1 2 
350 -- 2635.293182373047: 5 0 3 1 0 2 2 0 
350 -- -851.5: 5 1 2 1 1 0 1 2 
351 -- 2635.293182373047: 5 0 3 1 0 2 2 0 
351 -- -851.5: 5 1 2 1 1 0 1 2 
352 -- 2635.293182373047: 5 0 3 1 0 2 2 0 
352 -- -851.5: 5 1 2 1 1 0 1 2 
353 -- 2635.293182373047: 5 0 3 1 0 2 2 0 
353 -- -851.5: 5 1 2 1 1 0 1 2 
354 -- 2635.293182373047: 5 0 3 1 0 2 2 0 
354 -- -851.5: 5 1 2 1 1 0 1 2 
355 -- 2635.293182373047: 5 0 3 1 0 2 2 0 
355 -- -851.5: 5 1 2 1 1 0 1 2 
356 -- 2635.293182373047: 5 0 3 1 0 2 2 0 
356 -- -851.5: 5 1 2 1 1 0 1 2 
357 -- 2635.293182373047: 5 0 3 1 0 2 2 0 
357 -- -851.5: 5 1 2 1 1 0 1 2 
358 -- 2635.293182373047: 5 0 3 1 0 2 2 0 
358 -- -851.5: 5 1 2 1 1 0 1 2 
359 -- 2635.293182373047: 5 0 3 1 0 2 2 0 
359 -- -851.5: 5 1 2 1 1 0 1 2 
360 -- 2635.293182373047: 5 0 3 1 0 2 2 0 
360 -- -851.5: 5 1 2 1 1 0 1 2 
361 -- 2635.293182373047: 5 0 3 1 0 2 2 0 
361 -- -851.5: 5 1 2 1 1 0 1 2 
362 -- 2635.293182373047: 5 0 3 1 0 2 2 0 
362 -- -851.5: 5 1 2 1 1 0 1 2 
363 -- 2635.293182373047: 5 0 3 1 0 2 2 0 
363 -- -851.5: 5 1 2 1 1 0 1 2 
364 -- 2635.293182373047: 5 0 3 1 0 2 2 0 
364 -- -851.5: 5 1 2 1 1 0 1 2 
365 -- 2635.293182373047: 5 0 3 1 0 2 2 0 
365 -- -851.5: 5 1 2 1 1 0 1 2 
366 -- 2635.293182373047: 5 0 3 1 0 2 2 0 
366 -- -851.5: 5 1 2 1 1 0 1 2 
367 -- 2635.293182373047: 5 0 3 1 0 2 2 0 
367 -- -851.5: 5 1 2 1 1 0 1 2 
368 -- 2635.293182373047: 5 0 3 1 0 2 2 0 
368 -- -851.5: 5 1 2 1 1 0 1 2 
369 -- 2635.293182373047: 5 0 3 1 0 2 2 0 
369 -- -851.5: 5 1 2 1 1 0 1 2 
370 -- 2635.293182373047: 5 0 3 1 0 2 2 0 
370 -- -851.5: 5 1 2 1 1 0 1 2 
371 -- 2635.293182373047: 5 0 3 1 0 2 2 0 
371 -- -851.5: 5 1 2 1 1 0 1 2 
372 -- 2635.293182373047: 5 0 3 1 0 2 2 0 
372 -- -851.5: 5 1 2 1 1 0 1 2 
373 -- 2635.293182373047: 5 0 3 1 0 2 2 0 
373 -- -851.5: 5 1 2 1 1 0 1 2 
374 -- 2635.293182373047: 5 0 3 1 0 2 2 0 
374 -- -851.5: 5 1 2 1 1 0 1 2 
375 -- 2635.293182373047: 5 0 3 1 0 2 2 0 
375 -- -851.5: 5 1 2 1 1 0 1 2 
376 -- 2635.293182373047: 5 0 3 1 0 2 2 0 
376 -- -851.5: 5 1 2 1 1 0 1 2 
377 -- 2635.293182373047: 5 0 3 1 0 2 2 0 
377 -- -851.5: 5 1 2 1 1 0 1 2 
378 -- 2635.293182373047: 5 0 3 1 0 2 2 0 
378 -- -851.5: 5 1 2 1 1 0 1 2 
379 -- 2635.293182373047: 5 0 3 1 0 2 2 0 
379 -- -851.5: 5 1 2 1 1 0 1 2 
380 -- 2635.293182373047: 5 0 3 1 0 2 2 0 
380 -- -851.5: 5 1 2 1 1 0 1 2 
381 -- 2635.293182373047: 5 0 3 1 0 2 2 0 
381 -- -851.5: 5 1 2 1 1 0 1 2 
382 -- 2635.293182373047: 5 0 3 1 0 2 2 0 
382 -- -851.5: 5 1 2 1 1 0 1 2 
383 -- 2635.293182373047: 5 0 3 1 0 2 2 0 
383 -- -851.5: 5 1 2 1 1 0 1 2 
384 -- 2635.293182373047: 5 0 3 1 0 2 2 0 
384 -- -851.5: 5 1 2 1 1 0 1 2 
385 -- 2635.293182373047: 5 0 3 1 0 2 2 0 
385 -- -851.5: 5 1 2 1 1 0 1 2 
386 -- 2635.293182373047: 5 0 3 1 0 2 2 0 
386 -- -851.5: 5 1 2 1 1 0 1 2 
387 -- 2635.293182373047: 5 0 3 1 0 2 2 0 
387 -- -851.5: 5 1 2 1 1 0 1 2 
388 -- 2635.293182373047: 5 0 3 1 0 2 2 0 
388 -- -851.5: 5 1 2 1 1 0 1 2 
389 -- 2635.293182373047: 5 0 3 1 0 2 2 0 
389 -- -851.5: 5 1 2 1 1 0 1 2 
390 -- 2635.293182373047: 5 0 3 1 0 2 2 0 
390 -- -851.5: 5 1 2 1 1 0 1 2 
391 -- 2635.293182373047: 5 0 3 1 0 2 2 0 
391 -- -851.5: 5 1 2 1 1 0 1 2 
392 -- 2635.293182373047: 5 0 3 1 0 2 2 0 
392 -- -851.5: 5 1 2 1 1 0 1 2 
393 -- 2635.293182373047: 5 0 3 1 0 2 2 0 
393 -- -851.5: 5 1 2 1 1 0 1 2 
394 -- 2635.293182373047: 5 0 3 1 0 2 2 0 
394 -- -851.5: 5 1 2 1 1 0 1 2 
395 -- 2635.293182373047: 5 0 3 1 0 2 2 0 
395 -- -851.5: 5 1 2 1 1 0 1 2 
396 -- 2635.293182373047: 5 0 3 1 0 2 2 0 
396 -- -851.5: 5 1 2 1 1 0 1 2 
397 -- 2635.293182373047: 5 0 3 1 0 2 2 0 
397 -- -851.5: 5 1 2 1 1 0 1 2 
398 -- 2635.293182373047: 5 0 3 1 0 2 2 0 
398 -- -851.5: 5 1 2 1 1 0 1 2 
399 -- 2635.293182373047: 5 0 3 1 0 2 2 0 
399 -- -851.5: 5 1 2 1 1 0 1 2 
400 -- 2635.293182373047: 5 0 3 1 0 2 2 0 
400 -- -851.5: 5 1 2 1 1 0 1 2 
401 -- 2635.293182373047: 5 0 3 1 0 2 2 0 
401 -- -851.5: 5 1 2 1 1 0 1 2 
402 -- 2635.293182373047: 5 0 3 1 0 2 2 0 
402 -- -851.5: 5 1 2 1 1 0 1 2 
403 -- 2635.293182373047: 5 0 3 1 0 2 2 0 
403 -- -851.5: 5 1 2 1 1 0 1 2 
404 -- 2635.293182373047: 5 0 3 1 0 2 2 0 
404 -- -851.5: 5 1 2 1 1 0 1 2 
405 -- 2635.293182373047: 5 0 3 1 0 2 2 0 
405 -- -851.5: 5 1 2 1 1 0 1 2 
406 -- 2635.293182373047: 5 0 3 1 0 2 2 0 
406 -- -851.5: 5 1 2 1 1 0 1 2 
407 -- 2635.293182373047: 5 0 3 1 0 2 2 0 
407 -- -851.5: 5 1 2 1 1 0 1 2 
408 -- 2635.293182373047: 5 0 3 1 0 2 2 0 
408 -- -851.5: 5 1 2 1 1 0 1 2 
409 -- 2635.293182373047: 5 0 3 1 0 2 2 0 
409 -- -851.5: 5 1 2 1 1 0 1 2 
410 -- 2635.293182373047: 5 0 3 1 0 2 2 0 
410 -- -851.5: 5 1 2 1 1 0 1 2 
411 -- 2635.293182373047: 5 0 3 1 0 2 2 0 
411 -- -851.5: 5 1 2 1 1 0 1 2 
412 -- 2635.293182373047: 5 0 3 1 0 2 2 0 
412 -- -851.5: 5 1 2 1 1 0 1 2 
413 -- 2635.293182373047: 5 0 3 1 0 2 2 0 
413 -- -851.5: 5 1 2 1 1 0 1 2 
414 -- 2635.293182373047: 5 0 3 1 0 2 2 0 
414 -- -851.5: 5 1 2 1 1 0 1 2 
415 -- 2635.293182373047: 5 0 3 1 0 2 2 0 
415 -- -851.5: 5 1 2 1 1 0 1 2 
416 -- 2635.293182373047: 5 0 3 1 0 2 2 0 
416 -- -851.5: 5 1 2 1 1 0 1 2 
417 -- 2635.293182373047: 5 0 3 1 0 2 2 0 
417 -- -851.5: 5 1 2 1 1 0 1 2 
418 -- 2635.293182373047: 5 0 3 1 0 2 2 0 
418 -- -851.5: 5 1 2 1 1 0 1 2 
419 -- 2635.293182373047: 5 0 3 1 0 2 2 0 
419 -- -851.5: 5 1 2 1 1 0 1 2 
420 -- 2635.293182373047: 5 0 3 1 0 2 2 0 
420 -- -851.5: 5 1 2 1 1 0 1 2 
421 -- 2635.293182373047: 5 0 3 1 0 2 2 0 
421 -- -851.5: 5 1 2 1 1 0 1 2 
422 -- 2635.293182373047: 5 0 3 1 0 2 2 0 
422 -- -851.5: 5 1 2 1 1 0 1 2 
423 -- 2635.293182373047: 5 0 3 1 0 2 2 0 
423 -- -851.5: 5 1 2 1 1 0 1 2 
424 -- 2635.293182373047: 5 0 3 1 0 2 2 0 
424 -- -851.5: 5 1 2 1 1 0 1 2 
425 -- 2635.293182373047: 5 0 3 1 0 2 2 0 
425 -- -851.5: 5 1 2 1 1 0 1 2 
426 -- 2635.293182373047: 5 0 3 1 0 2 2 0 
426 -- -851.5: 5 1 2 1 1 0 1 2 
427 -- 2635.293182373047: 5 0 3 1 0 2 2 0 
427 -- -851.5: 5 1 2 1 1 0 1 2 
428 -- 2635.293182373047: 5 0 3 1 0 2 2 0 
428 -- -851.5: 5 1 2 1 1 0 1 2 
429 -- 2635.293182373047: 5 0 3 1 0 2 2 0 
429 -- -851.5: 5 1 2 1 1 0 1 2 
430 -- 2635.293182373047: 5 0 3 1 0 2 2 0 
430 -- -851.5: 5 1 2 1 1 0 1 2 
431 -- 2635.293182373047: 5 0 3 1 0 2 2 0 
431 -- -851.5: 5 1 2 1 1 0 1 2 
432 -- 2635.293182373047: 5 0 3 1 0 2 2 0 
432 -- -851.5: 5 1 2 1 1 0 1 2 
433 -- 2635.293182373047: 5 0 3 1 0 2 2 0 
433 -- -851.5: 5 1 2 1 1 0 1 2 
434 -- 2635.293182373047: 5 0 3 1 0 2 2 0 
434 -- -851.5: 5 1 2 1 1 0 1 2 
435 -- 2635.293182373047: 5 0 3 1 0 2 2 0 
435 -- -851.5: 5 1 2 1 1 0 1 2 
436 -- 2635.293182373047: 5 0 3 1 0 2 2 0 
436 -- -851.5: 5 1 2 1 1 0 1 2 
437 -- 2635.293182373047: 5 0 3 1 0 2 2 0 
437 -- -851.5: 5 1 2 1 1 0 1 2 
438 -- 2635.293182373047: 5 0 3 1 0 2 2 0 
438 -- -851.5: 5 1 2 1 1 0 1 2 
