Individual length: 8
Value                 Dim. Size       Range                Description 
0.4                   6               0:0.2:1              Tank_Speed 
5                     4               0:5:15               Score_Pickaxe 
10                    4               0:5:15               Score_Wall_Kill 
1                     3               1:1:3                Pickaxe_Value 
true                  2               True:False           Time_Bonus 
5                     4               0:5:15               Score_Gold 
2                     3               1:1:3                Pickaxe_Limit 
20                    4               10:5:25              Pickaxe_Cooldown 
Search Space Size: 2.765E4

1 -- -511.625: 3 3 2 2 1 3 1 0 
1 -- -1407.625: 2 3 2 2 1 3 1 0 
2 -- 347.5625: 3 3 2 2 1 3 1 0 
2 -- -1407.625: 2 3 2 2 1 3 1 0 
3 -- 205.78125: 3 3 2 2 1 3 1 0 
3 -- -1407.625: 2 3 2 2 1 3 1 0 
4 -- -1.234375: 3 3 2 2 1 3 2 0 
4 -- -1407.625: 2 3 2 2 1 3 1 0 
5 -- -79.8671875: 3 3 2 2 1 3 2 0 
5 -- -1407.625: 2 3 2 2 1 3 1 0 
6 -- 400.94140625: 3 1 2 2 1 3 2 0 
6 -- -1407.625: 2 3 2 2 1 3 1 0 
7 -- -170.654296875: 3 0 2 2 1 3 2 0 
7 -- -1407.625: 2 3 2 2 1 3 1 0 
8 -- -282.9521484375: 4 0 2 2 1 3 2 0 
8 -- -1407.625: 2 3 2 2 1 3 1 0 
9 -- -164.60107421875: 4 0 0 2 1 3 2 0 
9 -- -1407.625: 2 3 2 2 1 3 1 0 
10 -- 672.574462890625: 4 0 0 2 1 3 2 0 
10 -- -1407.625: 2 3 2 2 1 3 1 0 
11 -- 762.5372314453125: 4 0 0 2 1 3 2 0 
11 -- -1407.625: 2 3 2 2 1 3 1 0 
12 -- 439.64361572265625: 4 0 0 2 1 3 2 0 
12 -- -1407.625: 2 3 2 2 1 3 1 0 
13 -- 576.9468078613281: 4 0 0 2 1 3 2 0 
13 -- -1407.625: 2 3 2 2 1 3 1 0 
14 -- 937.0984039306641: 4 0 2 2 1 3 2 0 
14 -- -1407.625: 2 3 2 2 1 3 1 0 
15 -- 881.049201965332: 4 0 2 2 1 3 2 0 
15 -- -1407.625: 2 3 2 2 1 3 1 0 
16 -- -0.9753990173339844: 5 0 2 2 1 3 2 0 
16 -- -1407.625: 2 3 2 2 1 3 1 0 
17 -- -39.86269950866699: 5 0 2 2 1 3 2 2 
17 -- -1407.625: 2 3 2 2 1 3 1 0 
18 -- 644.3186502456665: 5 0 2 2 1 3 2 2 
18 -- -1407.625: 2 3 2 2 1 3 1 0 
19 -- 644.1593251228333: 5 0 2 2 0 3 2 2 
19 -- -1407.625: 2 3 2 2 1 3 1 0 
20 -- 1139.8296625614166: 0 0 2 2 0 3 2 2 
20 -- -1407.625: 2 3 2 2 1 3 1 0 
21 -- 1022.0398312807083: 0 0 2 2 0 3 2 0 
21 -- -1407.625: 2 3 2 2 1 3 1 0 
22 -- 891.1449156403542: 0 0 2 2 0 3 2 2 
22 -- -1407.625: 2 3 2 2 1 3 1 0 
23 -- 860.6974578201771: 0 3 2 2 0 3 2 2 
23 -- -1407.625: 2 3 2 2 1 3 1 0 
24 -- 941.7237289100885: 0 3 2 2 0 3 2 2 
24 -- -1407.625: 2 3 2 2 1 3 1 0 
25 -- 790.6118644550443: 0 3 2 2 0 3 2 2 
25 -- -1407.625: 2 3 2 2 1 3 1 0 
26 -- 828.3059322275221: 0 3 2 2 0 3 2 2 
26 -- -1407.625: 2 3 2 2 1 3 1 0 
27 -- 1168.402966113761: 0 3 2 2 1 3 2 2 
27 -- -1407.625: 2 3 2 2 1 3 1 0 
28 -- 1069.7014830568805: 5 3 2 2 1 3 2 2 
28 -- -1407.625: 2 3 2 2 1 3 1 0 
29 -- 599.8507415284403: 5 3 2 2 1 3 2 2 
29 -- -1407.625: 2 3 2 2 1 3 1 0 
30 -- 367.55037076422013: 5 3 2 2 0 3 2 2 
30 -- -1407.625: 2 3 2 2 1 3 1 0 
31 -- 1006.9001853821101: 2 3 2 2 0 3 2 2 
31 -- -1407.625: 2 3 2 2 1 3 1 0 
32 -- 825.200092691055: 2 3 2 2 0 3 2 2 
32 -- -1407.625: 2 3 2 2 1 3 1 0 
33 -- 732.3500463455275: 2 3 2 2 0 3 2 2 
33 -- -1407.625: 2 3 2 2 1 3 1 0 
34 -- 1260.8000231727638: 2 3 3 2 0 3 2 2 
34 -- -1407.625: 2 3 2 2 1 3 1 0 
35 -- 1617.1500115863819: 2 3 3 2 0 3 2 2 
35 -- -1407.625: 2 3 2 2 1 3 1 0 
36 -- 307.70000579319094: 2 3 3 2 0 3 2 2 
36 -- -1407.625: 2 3 2 2 1 3 1 0 
37 -- 80.72500289659547: 2 3 0 2 0 3 2 2 
37 -- -1407.625: 2 3 2 2 1 3 1 0 
38 -- -15.137498551702265: 2 3 0 2 0 3 2 2 
38 -- -1407.625: 2 3 2 2 1 3 1 0 
39 -- -1031.8187492758511: 2 3 0 1 0 3 2 2 
39 -- -1407.625: 2 3 2 2 1 3 1 0 
40 -- -583.4093746379256: 2 3 0 1 0 3 2 2 
40 -- -1407.625: 2 3 2 2 1 3 1 0 
41 -- -223.70468731896278: 2 3 0 0 0 3 2 2 
41 -- -1407.625: 2 3 2 2 1 3 1 0 
42 -- 887.2726563405186: 2 3 0 0 0 3 2 2 
42 -- -1407.625: 2 3 2 2 1 3 1 0 
43 -- 932.7613281702593: 2 3 0 1 0 3 2 2 
43 -- -1407.625: 2 3 2 2 1 3 1 0 
44 -- 1293.2556640851296: 2 3 0 1 1 3 2 2 
44 -- -1407.625: 2 3 2 2 1 3 1 0 
45 -- -119.74716795743518: 2 3 0 1 0 3 2 2 
45 -- -1407.625: 2 3 2 2 1 3 1 0 
46 -- 843.0014160212825: 2 3 0 1 0 3 1 2 
46 -- -1407.625: 2 3 2 2 1 3 1 0 
47 -- 614.5007080106412: 2 3 0 1 0 3 1 2 
47 -- -1407.625: 2 3 2 2 1 3 1 0 
48 -- 453.3753540053206: 2 3 0 1 0 3 1 2 
48 -- -1407.625: 2 3 2 2 1 3 1 0 
49 -- 810.8126770026603: 2 3 0 1 0 3 1 2 
49 -- -1407.625: 2 3 2 2 1 3 1 0 
50 -- 413.40633850133014: 2 3 0 1 0 3 1 2 
50 -- -1407.625: 2 3 2 2 1 3 1 0 
51 -- 181.45316925066507: 2 3 0 1 0 3 1 2 
51 -- -1407.625: 2 3 2 2 1 3 1 0 
52 -- 1143.8515846253326: 2 3 0 1 0 3 2 2 
52 -- -1407.625: 2 3 2 2 1 3 1 0 
53 -- 734.6757923126663: 4 3 0 1 0 3 2 2 
53 -- -1407.625: 2 3 2 2 1 3 1 0 
54 -- 362.46289615633316: 0 3 0 1 0 3 2 2 
54 -- -1407.625: 2 3 2 2 1 3 1 0 
55 -- 404.8564480781666: 0 3 0 1 0 3 1 2 
55 -- -1407.625: 2 3 2 2 1 3 1 0 
56 -- 675.5532240390833: 0 3 0 1 0 2 1 2 
56 -- -1407.625: 2 3 2 2 1 3 1 0 
57 -- 287.65161201954163: 0 3 0 1 0 2 1 2 
57 -- -1407.625: 2 3 2 2 1 3 1 0 
58 -- 388.9508060097708: 0 3 0 2 0 2 1 2 
58 -- -1407.625: 2 3 2 2 1 3 1 0 
59 -- -65.77459699511459: 0 3 0 2 0 2 1 2 
59 -- -1407.625: 2 3 2 2 1 3 1 0 
60 -- 194.2377015024427: 0 3 0 2 1 2 1 2 
60 -- -1407.625: 2 3 2 2 1 3 1 0 
61 -- -156.50614924877866: 0 3 1 2 1 2 1 2 
61 -- -1407.625: 2 3 2 2 1 3 1 0 
62 -- 319.49692537561066: 0 3 1 2 1 2 1 2 
62 -- -1407.625: 2 3 2 2 1 3 1 0 
63 -- 222.62346268780533: 0 3 1 0 1 2 1 2 
63 -- -1407.625: 2 3 2 2 1 3 1 0 
64 -- 661.8117313439027: 0 3 1 0 1 2 1 2 
64 -- -1407.625: 2 3 2 2 1 3 1 0 
65 -- -124.84413432804865: 0 3 1 0 1 2 2 2 
65 -- -1407.625: 2 3 2 2 1 3 1 0 
66 -- 411.8279328359757: 0 3 1 0 1 2 2 2 
66 -- -1407.625: 2 3 2 2 1 3 1 0 
67 -- 915.0389664179878: 0 3 1 0 1 2 2 2 
67 -- -1407.625: 2 3 2 2 1 3 1 0 
68 -- 1223.519483208994: 0 3 1 0 1 2 2 2 
68 -- -1407.625: 2 3 2 2 1 3 1 0 
69 -- 1529.7597416044969: 0 3 1 0 1 2 2 2 
69 -- -1407.625: 2 3 2 2 1 3 1 0 
70 -- 1234.2548708022484: 0 3 1 0 1 2 2 2 
70 -- -1407.625: 2 3 2 2 1 3 1 0 
71 -- 499.8774354011242: 5 3 1 0 1 2 2 2 
71 -- -1407.625: 2 3 2 2 1 3 1 0 
72 -- 1004.1887177005622: 5 3 1 0 1 2 0 2 
72 -- -1407.625: 2 3 2 2 1 3 1 0 
73 -- 690.4693588502811: 4 3 1 0 1 2 0 2 
73 -- -1407.625: 2 3 2 2 1 3 1 0 
74 -- 476.23467942514054: 4 3 1 0 1 2 0 0 
74 -- -1407.625: 2 3 2 2 1 3 1 0 
75 -- 183.24233971257027: 4 3 1 0 1 2 0 0 
75 -- -1407.625: 2 3 2 2 1 3 1 0 
76 -- 200.62116985628512: 4 3 1 0 1 3 0 0 
76 -- -1407.625: 2 3 2 2 1 3 1 0 
77 -- 594.5605849281426: 4 3 3 0 1 3 0 0 
77 -- -1407.625: 2 3 2 2 1 3 1 0 
78 -- -316.2197075359287: 4 3 3 0 1 3 0 0 
78 -- -1407.625: 2 3 2 2 1 3 1 0 
79 -- -320.48485376796435: 4 3 3 0 1 3 0 0 
79 -- -1407.625: 2 3 2 2 1 3 1 0 
80 -- -702.9924268839821: 4 3 3 0 1 3 0 0 
80 -- -1407.625: 2 3 2 2 1 3 1 0 
81 -- -262.7462134419911: 4 3 3 0 1 3 0 0 
81 -- -1407.625: 2 3 2 2 1 3 1 0 
82 -- -614.8731067209956: 4 3 3 0 1 3 1 0 
82 -- -1407.625: 2 3 2 2 1 3 1 0 
83 -- 706.5634466395022: 4 0 3 0 1 3 1 0 
83 -- -1407.625: 2 3 2 2 1 3 1 0 
84 -- 343.0317233197511: 5 0 3 0 1 3 1 0 
84 -- -1407.625: 2 3 2 2 1 3 1 0 
85 -- 542.8908616598756: 5 0 3 0 1 3 1 0 
85 -- -1407.625: 2 3 2 2 1 3 1 0 
86 -- 878.0704308299378: 5 0 3 0 0 3 1 0 
86 -- -1407.625: 2 3 2 2 1 3 1 0 
87 -- 311.4102154149689: 5 0 3 0 0 3 1 0 
87 -- -1407.625: 2 3 2 2 1 3 1 0 
88 -- -237.29489229251556: 5 0 3 0 0 3 1 0 
88 -- -1407.625: 2 3 2 2 1 3 1 0 
89 -- 682.2275538537422: 5 0 3 0 0 3 1 1 
89 -- -1407.625: 2 3 2 2 1 3 1 0 
90 -- 896.6137769268711: 5 0 3 0 0 3 1 2 
90 -- -1407.625: 2 3 2 2 1 3 1 0 
91 -- 730.8068884634356: 5 0 3 0 0 3 1 2 
91 -- -1407.625: 2 3 2 2 1 3 1 0 
92 -- 923.6534442317178: 5 0 3 0 0 3 1 2 
92 -- -1407.625: 2 3 2 2 1 3 1 0 
93 -- 580.701722115859: 5 0 3 0 0 3 1 1 
93 -- -1407.625: 2 3 2 2 1 3 1 0 
94 -- 1075.2258610579295: 5 0 3 0 0 1 1 1 
94 -- -1407.625: 2 3 2 2 1 3 1 0 
95 -- 907.2379305289647: 5 0 3 0 0 1 2 1 
95 -- -1407.625: 2 3 2 2 1 3 1 0 
96 -- 670.4939652644823: 5 0 3 0 1 1 2 1 
96 -- -1407.625: 2 3 2 2 1 3 1 0 
97 -- 581.7469826322412: 5 0 2 0 1 1 2 1 
97 -- -1407.625: 2 3 2 2 1 3 1 0 
98 -- 355.2484913161206: 5 0 2 0 1 1 2 2 
98 -- -1407.625: 2 3 2 2 1 3 1 0 
99 -- 539.2492456580603: 5 0 2 0 1 1 2 2 
99 -- -1407.625: 2 3 2 2 1 3 1 0 
100 -- 468.62462282903016: 5 0 2 0 1 1 1 2 
100 -- -1407.625: 2 3 2 2 1 3 1 0 
101 -- 275.8123114145151: 5 0 2 0 1 1 1 2 
101 -- -1407.625: 2 3 2 2 1 3 1 0 
102 -- 980.0311557072575: 4 0 2 0 1 1 1 2 
102 -- -1407.625: 2 3 2 2 1 3 1 0 
103 -- 611.5155778536288: 4 0 2 0 1 1 1 0 
103 -- -1407.625: 2 3 2 2 1 3 1 0 
104 -- 603.6327889268143: 2 0 2 0 1 1 1 0 
104 -- -1407.625: 2 3 2 2 1 3 1 0 
105 -- 529.5663944634072: 2 0 2 0 1 1 1 0 
105 -- -1407.625: 2 3 2 2 1 3 1 0 
106 -- 253.40819723170358: 2 0 2 0 1 1 1 0 
106 -- -1407.625: 2 3 2 2 1 3 1 0 
107 -- 156.3290986158518: 2 0 2 0 1 1 1 0 
107 -- -1407.625: 2 3 2 2 1 3 1 0 
108 -- 76.7895493079259: 2 0 2 0 1 1 1 0 
108 -- -1407.625: 2 3 2 2 1 3 1 0 
109 -- 733.6447746539629: 2 0 2 0 1 1 1 0 
109 -- -1407.625: 2 3 2 2 1 3 1 0 
110 -- 830.4473873269815: 2 0 2 0 1 1 1 0 
110 -- -1407.625: 2 3 2 2 1 3 1 0 
111 -- 1499.4736936634908: 2 0 2 0 1 1 1 0 
111 -- -1407.625: 2 3 2 2 1 3 1 0 
112 -- 1177.2368468317454: 2 0 2 0 1 1 1 0 
112 -- -1407.625: 2 3 2 2 1 3 1 0 
113 -- 482.2434234158727: 2 0 2 0 1 1 1 0 
113 -- -1407.625: 2 3 2 2 1 3 1 0 
114 -- 1026.9967117079364: 2 0 2 0 1 1 1 0 
114 -- -1407.625: 2 3 2 2 1 3 1 0 
115 -- 1215.1233558539682: 2 0 2 0 1 1 1 0 
115 -- -1407.625: 2 3 2 2 1 3 1 0 
116 -- 518.5616779269841: 2 0 2 0 1 1 0 0 
116 -- -1407.625: 2 3 2 2 1 3 1 0 
117 -- 816.155838963492: 2 0 2 0 1 1 0 0 
117 -- -1407.625: 2 3 2 2 1 3 1 0 
118 -- 205.827919481746: 2 0 2 0 1 1 0 0 
118 -- -1407.625: 2 3 2 2 1 3 1 0 
119 -- 401.913959740873: 2 0 2 0 1 1 0 0 
119 -- -1407.625: 2 3 2 2 1 3 1 0 
120 -- 661.4569798704365: 2 0 2 0 1 0 0 0 
120 -- -1407.625: 2 3 2 2 1 3 1 0 
121 -- 901.4784899352182: 2 0 2 0 1 0 0 0 
121 -- -1407.625: 2 3 2 2 1 3 1 0 
122 -- 651.4892449676091: 2 0 2 0 0 0 0 0 
122 -- -1407.625: 2 3 2 2 1 3 1 0 
123 -- 448.24462248380456: 2 0 2 0 0 0 1 0 
123 -- -1407.625: 2 3 2 2 1 3 1 0 
124 -- 717.3723112419023: 2 0 2 0 0 0 1 0 
124 -- -1407.625: 2 3 2 2 1 3 1 0 
125 -- 900.9361556209511: 2 0 2 0 0 3 1 0 
125 -- -1407.625: 2 3 2 2 1 3 1 0 
126 -- 1301.9680778104755: 0 0 2 0 0 3 1 0 
126 -- -1407.625: 2 3 2 2 1 3 1 0 
127 -- 1303.7340389052379: 0 0 2 0 0 3 1 0 
127 -- -1407.625: 2 3 2 2 1 3 1 0 
128 -- 1290.117019452619: 0 0 2 0 0 3 1 3 
128 -- -1407.625: 2 3 2 2 1 3 1 0 
129 -- 1949.8085097263095: 0 0 3 0 0 3 1 3 
129 -- -1407.625: 2 3 2 2 1 3 1 0 
130 -- 1182.2792548631546: 0 0 3 0 0 3 1 3 
130 -- -1407.625: 2 3 2 2 1 3 1 0 
131 -- 670.3896274315773: 0 0 3 0 0 3 0 3 
131 -- -1407.625: 2 3 2 2 1 3 1 0 
132 -- 727.6948137157887: 3 0 3 0 0 3 0 3 
132 -- -1407.625: 2 3 2 2 1 3 1 0 
133 -- 1339.9724068578944: 0 0 3 0 0 3 0 3 
133 -- -1407.625: 2 3 2 2 1 3 1 0 
134 -- 1076.8612034289472: 0 0 1 0 0 3 0 3 
134 -- -1407.625: 2 3 2 2 1 3 1 0 
135 -- 826.5556017144736: 0 0 1 0 0 3 1 3 
135 -- -1407.625: 2 3 2 2 1 3 1 0 
136 -- 1490.1528008572368: 0 0 1 0 0 3 1 3 
136 -- -1407.625: 2 3 2 2 1 3 1 0 
137 -- 1771.4514004286184: 0 0 1 0 0 3 1 3 
137 -- -1407.625: 2 3 2 2 1 3 1 0 
138 -- 1322.1007002143092: 0 0 1 0 1 3 1 3 
138 -- -1407.625: 2 3 2 2 1 3 1 0 
139 -- 621.4253501071546: 0 0 1 0 1 3 1 3 
139 -- -1407.625: 2 3 2 2 1 3 1 0 
140 -- 350.0876750535773: 0 0 2 0 1 3 1 3 
140 -- -1407.625: 2 3 2 2 1 3 1 0 
141 -- 679.7938375267886: 0 0 2 0 1 3 1 0 
141 -- -1407.625: 2 3 2 2 1 3 1 0 
142 -- 1013.0219187633943: 0 0 2 0 0 3 1 0 
142 -- -1407.625: 2 3 2 2 1 3 1 0 
143 -- 1022.5109593816971: 0 0 2 0 0 3 1 0 
143 -- -1407.625: 2 3 2 2 1 3 1 0 
144 -- 800.7554796908486: 0 0 2 0 0 3 1 0 
144 -- -1407.625: 2 3 2 2 1 3 1 0 
145 -- 818.3777398454242: 4 0 2 0 0 3 1 0 
145 -- -1407.625: 2 3 2 2 1 3 1 0 
146 -- 1052.438869922712: 4 0 2 0 0 3 1 0 
146 -- -1407.625: 2 3 2 2 1 3 1 0 
147 -- 430.469434961356: 4 1 2 0 0 3 1 0 
147 -- -1407.625: 2 3 2 2 1 3 1 0 
148 -- 437.109717480678: 4 1 2 0 1 3 1 0 
148 -- -1407.625: 2 3 2 2 1 3 1 0 
149 -- 225.679858740339: 4 1 2 0 0 3 1 0 
149 -- -1407.625: 2 3 2 2 1 3 1 0 
150 -- 306.0899293701695: 4 1 2 0 0 3 2 0 
150 -- -1407.625: 2 3 2 2 1 3 1 0 
151 -- 705.0449646850848: 4 1 2 0 0 3 2 0 
151 -- -1407.625: 2 3 2 2 1 3 1 0 
152 -- 766.3974823425424: 4 1 2 0 1 3 2 0 
152 -- -1407.625: 2 3 2 2 1 3 1 0 
153 -- 910.3237411712712: 4 1 2 0 1 3 2 0 
153 -- -1407.625: 2 3 2 2 1 3 1 0 
154 -- 1180.6618705856356: 4 1 2 1 1 3 2 0 
154 -- -1407.625: 2 3 2 2 1 3 1 0 
155 -- 1188.4559352928177: 4 2 2 1 1 3 2 0 
155 -- -1407.625: 2 3 2 2 1 3 1 0 
156 -- 745.2279676464088: 4 2 2 1 1 3 2 0 
156 -- -1407.625: 2 3 2 2 1 3 1 0 
157 -- 15.238983823204421: 4 2 2 1 1 3 2 0 
157 -- -1407.625: 2 3 2 2 1 3 1 0 
158 -- 853.6194919116022: 4 2 2 1 1 0 2 0 
158 -- -1407.625: 2 3 2 2 1 3 1 0 
159 -- 655.5597459558011: 4 2 2 1 1 0 2 0 
159 -- -1407.625: 2 3 2 2 1 3 1 0 
160 -- 707.5298729779006: 4 2 0 1 1 0 2 0 
160 -- -1407.625: 2 3 2 2 1 3 1 0 
161 -- 670.7649364889503: 4 2 0 1 1 0 2 0 
161 -- -1407.625: 2 3 2 2 1 3 1 0 
162 -- 301.88246824447515: 4 2 0 1 1 0 2 0 
162 -- -1407.625: 2 3 2 2 1 3 1 0 
163 -- 656.1912341222376: 4 2 0 1 1 0 2 0 
163 -- -1407.625: 2 3 2 2 1 3 1 0 
164 -- 3.095617061118787: 4 2 2 1 1 0 2 0 
164 -- -1407.625: 2 3 2 2 1 3 1 0 
165 -- 256.2978085305594: 4 2 2 1 1 0 0 0 
165 -- -1407.625: 2 3 2 2 1 3 1 0 
166 -- 975.1489042652797: 4 2 2 1 1 0 0 0 
166 -- -1407.625: 2 3 2 2 1 3 1 0 
167 -- 857.9494521326399: 4 2 2 1 1 1 0 0 
167 -- -1407.625: 2 3 2 2 1 3 1 0 
168 -- -208.90027393368007: 4 2 2 1 1 1 0 0 
168 -- -1407.625: 2 3 2 2 1 3 1 0 