Individual length: 8
Value                 Dim. Size       Range                Description 
0.0                   6               0:0.2:1              Tank_Speed 
10                    4               0:5:15               Score_Pickaxe 
0                     4               0:5:15               Score_Wall_Kill 
1                     3               1:1:3                Pickaxe_Value 
true                  2               True:False           Time_Bonus 
10                    4               0:5:15               Score_Gold 
1                     3               1:1:3                Pickaxe_Limit 
25                    4               10:5:25              Pickaxe_Cooldown 
Search Space Size: 2.765E4
1 -- 394.75: 2 3 2 2 1 0 1 2 
1 -- -626.625: 2 3 2 2 1 1 1 2 
2 -- 1068.625: 2 3 2 0 1 0 1 2 
2 -- -626.625: 2 3 2 2 1 1 1 2 
3 -- 825.5625: 2 3 2 0 1 0 1 2 
3 -- -626.625: 2 3 2 2 1 1 1 2 
4 -- 181.65625: 2 3 2 0 1 0 0 2 
4 -- -626.625: 2 3 2 2 1 1 1 2 
5 -- 47.578125: 2 3 2 0 1 3 0 2 
5 -- -626.625: 2 3 2 2 1 1 1 2 
6 -- 712.6640625: 2 3 2 0 1 3 0 2 
6 -- -626.625: 2 3 2 2 1 1 1 2 
7 -- 1628.70703125: 2 3 2 0 1 1 0 2 
7 -- -626.625: 2 3 2 2 1 1 1 2 
8 -- 1562.353515625: 2 3 1 0 1 1 0 2 
8 -- -626.625: 2 3 2 2 1 1 1 2 
9 -- 836.4267578125: 2 3 1 2 1 1 0 2 
9 -- -626.625: 2 3 2 2 1 1 1 2 
10 -- 220.83837890625: 2 1 1 2 1 1 0 2 
10 -- -703.28662109375: 2 3 1 2 1 1 0 2 
11 -- 809.669189453125: 2 1 1 2 1 1 0 2 
11 -- -703.28662109375: 2 3 1 2 1 1 0 2 
12 -- 979.7095947265625: 2 1 1 2 1 1 0 2 
12 -- -703.28662109375: 2 3 1 2 1 1 0 2 
13 -- 1207.4797973632812: 2 1 1 2 1 1 0 2 
13 -- -703.28662109375: 2 3 1 2 1 1 0 2 
14 -- 854.1148986816406: 2 1 2 2 1 1 0 2 
14 -- -703.28662109375: 2 3 1 2 1 1 0 2 
15 -- 1408.6824493408203: 2 1 2 2 1 1 0 2 
15 -- -703.28662109375: 2 3 1 2 1 1 0 2 
16 -- 1436.5912246704102: 2 1 0 2 1 1 0 2 
16 -- -703.28662109375: 2 3 1 2 1 1 0 2 
17 -- 693.0456123352051: 2 1 0 2 1 1 0 2 
17 -- -703.28662109375: 2 3 1 2 1 1 0 2 
18 -- 768.1478061676025: 5 1 0 2 1 1 0 2 
18 -- -703.28662109375: 2 3 1 2 1 1 0 2 
19 -- 962.3239030838013: 5 1 0 1 1 1 0 2 
19 -- -703.28662109375: 2 3 1 2 1 1 0 2 
20 -- 725.4119515419006: 5 1 0 1 1 1 0 2 
20 -- -703.28662109375: 2 3 1 2 1 1 0 2 
21 -- 486.3309757709503: 4 1 0 1 1 1 0 2 
21 -- -703.28662109375: 2 3 1 2 1 1 0 2 
22 -- 461.54048788547516: 4 1 0 1 1 1 0 2 
22 -- -703.28662109375: 2 3 1 2 1 1 0 2 
23 -- 770.3952439427376: 4 1 0 1 1 1 0 1 
23 -- -703.28662109375: 2 3 1 2 1 1 0 2 
24 -- 987.5726219713688: 4 1 0 1 1 1 0 1 
24 -- -703.28662109375: 2 3 1 2 1 1 0 2 
25 -- 274.4113109856844: 4 1 0 1 1 1 0 1 
25 -- -703.28662109375: 2 3 1 2 1 1 0 2 
26 -- 569.9556554928422: 4 2 0 1 1 1 0 1 
26 -- -703.28662109375: 2 3 1 2 1 1 0 2 
27 -- 445.6028277464211: 4 2 0 1 1 1 0 1 
27 -- -703.28662109375: 2 3 1 2 1 1 0 2 
28 -- 463.17641387321055: 4 2 0 1 1 1 0 3 
28 -- -703.28662109375: 2 3 1 2 1 1 0 2 
29 -- 375.2132069366053: 4 2 0 2 1 1 0 3 
29 -- -703.28662109375: 2 3 1 2 1 1 0 2 
30 -- 661.9816034683026: 4 2 0 2 1 1 0 3 
30 -- -703.28662109375: 2 3 1 2 1 1 0 2 
31 -- 311.4908017341513: 4 2 0 2 1 1 0 3 
31 -- -703.28662109375: 2 3 1 2 1 1 0 2 
32 -- 283.87040086707566: 4 2 0 2 1 1 1 3 
32 -- -703.28662109375: 2 3 1 2 1 1 0 2 
33 -- 753.1852004335378: 4 2 0 2 1 1 1 3 
33 -- -703.28662109375: 2 3 1 2 1 1 0 2 
34 -- 900.2176002167689: 4 2 0 2 1 1 1 3 
34 -- -703.28662109375: 2 3 1 2 1 1 0 2 
35 -- 925.2338001083845: 4 2 0 2 1 1 1 3 
35 -- -703.28662109375: 2 3 1 2 1 1 0 2 
36 -- 532.2419000541922: 4 2 0 2 1 1 1 3 
36 -- -703.28662109375: 2 3 1 2 1 1 0 2 
37 -- 693.3709500270961: 4 2 0 2 1 1 1 3 
37 -- -703.28662109375: 2 3 1 2 1 1 0 2 
38 -- 927.9354750135481: 1 2 0 2 1 1 1 3 
38 -- -703.28662109375: 2 3 1 2 1 1 0 2 
39 -- 427.21773750677403: 1 2 0 2 1 1 1 3 
39 -- -703.28662109375: 2 3 1 2 1 1 0 2 
40 -- 1441.358868753387: 1 2 0 0 1 1 1 3 
40 -- -703.28662109375: 2 3 1 2 1 1 0 2 
41 -- 1200.8044343766935: 1 2 0 0 1 1 1 1 
41 -- -703.28662109375: 2 3 1 2 1 1 0 2 
42 -- 678.1522171883468: 2 2 0 0 1 1 1 1 
42 -- -703.28662109375: 2 3 1 2 1 1 0 2 
43 -- 1029.2011085941733: 2 2 0 0 1 1 1 1 
43 -- -703.28662109375: 2 3 1 2 1 1 0 2 
44 -- 554.6005542970867: 2 2 0 0 1 1 1 1 
44 -- -703.28662109375: 2 3 1 2 1 1 0 2 
45 -- 502.42527714854333: 2 2 0 0 0 1 1 1 
45 -- -703.28662109375: 2 3 1 2 1 1 0 2 
46 -- 1002.3376385742716: 5 2 0 0 0 1 1 1 
46 -- -703.28662109375: 2 3 1 2 1 1 0 2 
47 -- 258.7938192871358: 5 2 0 0 0 1 1 3 
47 -- -703.28662109375: 2 3 1 2 1 1 0 2 
48 -- 378.89690964356794: 5 2 0 0 0 1 1 3 
48 -- -703.28662109375: 2 3 1 2 1 1 0 2 
49 -- 756.448454821784: 5 2 0 0 0 1 1 1 
49 -- -703.28662109375: 2 3 1 2 1 1 0 2 
50 -- 774.224227410892: 5 2 0 0 0 1 1 1 
50 -- -703.28662109375: 2 3 1 2 1 1 0 2 
51 -- 943.7371137054461: 5 2 0 0 0 1 1 1 
51 -- -703.28662109375: 2 3 1 2 1 1 0 2 
52 -- 1034.993556852723: 5 0 0 0 0 1 1 1 
52 -- -703.28662109375: 2 3 1 2 1 1 0 2 
53 -- 738.4967784263615: 5 0 0 0 0 2 1 1 
53 -- -703.28662109375: 2 3 1 2 1 1 0 2 
54 -- 692.3733892131808: 5 0 0 0 0 1 1 1 
54 -- -703.28662109375: 2 3 1 2 1 1 0 2 
55 -- 683.4366946065904: 5 0 0 0 0 1 1 1 
55 -- -703.28662109375: 2 3 1 2 1 1 0 2 
56 -- 353.5933473032952: 2 0 0 0 0 1 1 1 
56 -- -703.28662109375: 2 3 1 2 1 1 0 2 
57 -- 766.0466736516476: 2 0 0 0 0 1 1 1 
57 -- -703.28662109375: 2 3 1 2 1 1 0 2 
58 -- 898.1483368258238: 2 0 0 0 1 1 1 1 
58 -- -703.28662109375: 2 3 1 2 1 1 0 2 
59 -- 1015.1991684129118: 2 0 0 2 1 1 1 1 
59 -- -703.28662109375: 2 3 1 2 1 1 0 2 
60 -- 427.5995842064559: 2 0 0 0 1 1 1 1 
60 -- -703.28662109375: 2 3 1 2 1 1 0 2 
61 -- 418.42479210322796: 2 0 0 2 1 1 1 1 
61 -- -703.28662109375: 2 3 1 2 1 1 0 2 
62 -- 944.712396051614: 2 0 0 2 1 1 1 0 
62 -- -703.28662109375: 2 3 1 2 1 1 0 2 
63 -- 1050.8561980258069: 2 0 0 2 1 1 2 0 
63 -- -703.28662109375: 2 3 1 2 1 1 0 2 
64 -- 1256.9280990129034: 2 0 0 2 1 1 2 0 
64 -- -703.28662109375: 2 3 1 2 1 1 0 2 
65 -- 493.9640495064517: 2 0 1 2 1 1 2 0 
65 -- -703.28662109375: 2 3 1 2 1 1 0 2 
66 -- 153.60702475322586: 2 0 1 1 1 1 2 0 
66 -- -703.28662109375: 2 3 1 2 1 1 0 2 
67 -- -143.94648762338707: 2 0 1 1 1 1 2 0 
67 -- -703.28662109375: 2 3 1 2 1 1 0 2 
68 -- 271.4017561883065: 2 0 1 1 0 1 2 0 
68 -- -703.28662109375: 2 3 1 2 1 1 0 2 
69 -- 413.82587809415327: 2 0 1 1 0 1 2 0 
69 -- -703.28662109375: 2 3 1 2 1 1 0 2 
70 -- 854.2879390470766: 2 0 1 0 0 1 2 0 
70 -- -703.28662109375: 2 3 1 2 1 1 0 2 
71 -- 522.2689695235383: 3 0 1 0 0 1 2 0 
71 -- -703.28662109375: 2 3 1 2 1 1 0 2 
72 -- 474.75948476176916: 3 0 1 2 0 1 2 0 
72 -- -703.28662109375: 2 3 1 2 1 1 0 2 
73 -- 558.2547423808846: 3 0 1 2 1 1 2 0 
73 -- -703.28662109375: 2 3 1 2 1 1 0 2 
74 -- 538.1273711904423: 3 0 1 2 1 1 0 0 
74 -- -703.28662109375: 2 3 1 2 1 1 0 2 
75 -- 1049.5636855952212: 3 0 1 2 1 1 0 0 
75 -- -703.28662109375: 2 3 1 2 1 1 0 2 
76 -- 629.2818427976106: 3 0 1 2 1 1 0 1 
76 -- -703.28662109375: 2 3 1 2 1 1 0 2 
77 -- 372.2659213988053: 3 0 1 2 1 1 0 1 
77 -- -703.28662109375: 2 3 1 2 1 1 0 2 
78 -- 567.7579606994027: 3 0 1 2 1 1 0 1 
78 -- -703.28662109375: 2 3 1 2 1 1 0 2 
79 -- 883.7539803497014: 3 0 1 2 1 1 0 1 
79 -- -703.28662109375: 2 3 1 2 1 1 0 2 
80 -- 809.6269901748507: 3 0 1 2 1 1 1 1 
80 -- -703.28662109375: 2 3 1 2 1 1 0 2 
81 -- 358.56349508742534: 3 0 1 2 1 1 1 1 
81 -- -703.28662109375: 2 3 1 2 1 1 0 2 
82 -- 384.40674754371264: 3 2 1 2 1 1 1 1 
82 -- -703.28662109375: 2 3 1 2 1 1 0 2 
83 -- 30.32837377185632: 3 3 1 2 1 1 1 1 
83 -- -703.28662109375: 2 3 1 2 1 1 0 2 
84 -- 594.5391868859282: 3 3 1 2 1 1 1 1 
84 -- -703.28662109375: 2 3 1 2 1 1 0 2 
85 -- 661.7695934429642: 3 3 1 2 1 1 1 1 
85 -- -703.28662109375: 2 3 1 2 1 1 0 2 
86 -- 617.0097967214821: 3 3 1 2 1 1 1 1 
86 -- -703.28662109375: 2 3 1 2 1 1 0 2 
87 -- 438.00489836074104: 3 3 1 2 1 1 1 1 
87 -- -703.28662109375: 2 3 1 2 1 1 0 2 
88 -- 1287.2524491803706: 3 3 1 2 1 1 1 0 
88 -- -703.28662109375: 2 3 1 2 1 1 0 2 
89 -- 629.5012245901853: 3 3 1 2 1 1 2 0 
89 -- -703.28662109375: 2 3 1 2 1 1 0 2 
90 -- 1012.1256122950927: 3 3 1 2 1 1 2 0 
90 -- -703.28662109375: 2 3 1 2 1 1 0 2 
91 -- 1013.9378061475463: 3 3 1 2 1 1 1 0 
91 -- -703.28662109375: 2 3 1 2 1 1 0 2 
92 -- 644.4689030737732: 3 3 1 2 1 1 1 0 
92 -- -703.28662109375: 2 3 1 2 1 1 0 2 
93 -- 224.35945153688658: 3 3 1 2 1 1 1 0 
93 -- -703.28662109375: 2 3 1 2 1 1 0 2 
94 -- 440.5547257684433: 3 3 1 2 1 1 1 0 
94 -- -703.28662109375: 2 3 1 2 1 1 0 2 
95 -- 345.52736288422165: 3 3 1 2 1 1 1 0 
95 -- -703.28662109375: 2 3 1 2 1 1 0 2 
96 -- -256.98631855788915: 3 3 1 2 1 1 1 2 
96 -- -703.28662109375: 2 3 1 2 1 1 0 2 
97 -- 47.631840721055426: 3 3 1 2 1 1 1 2 
97 -- -740.4931592789446: 1 3 1 2 1 1 1 2 
98 -- 457.9409203605277: 3 3 3 2 1 1 1 2 
98 -- -740.4931592789446: 1 3 1 2 1 1 1 2 
99 -- 359.09546018026384: 3 3 3 2 1 1 1 2 
99 -- -740.4931592789446: 1 3 1 2 1 1 1 2 
100 -- 981.922730090132: 3 3 3 2 1 1 1 1 
100 -- -740.4931592789446: 1 3 1 2 1 1 1 2 
101 -- 699.711365045066: 3 3 3 2 1 1 1 1 
101 -- -740.4931592789446: 1 3 1 2 1 1 1 2 
102 -- 1343.855682522533: 1 3 3 2 1 1 1 1 
102 -- -740.4931592789446: 1 3 1 2 1 1 1 2 
103 -- 844.4278412612665: 1 2 3 2 1 1 1 1 
103 -- -740.4931592789446: 1 3 1 2 1 1 1 2 
104 -- 64.08892063063325: 1 2 0 2 1 1 1 1 
104 -- -740.4931592789446: 1 3 1 2 1 1 1 2 
105 -- 190.29446031531663: 0 2 0 2 1 1 1 1 
105 -- -740.4931592789446: 1 3 1 2 1 1 1 2 
106 -- 172.89723015765833: 2 2 0 2 1 1 1 1 
106 -- -740.4931592789446: 1 3 1 2 1 1 1 2 
107 -- 569.6986150788291: 2 2 0 2 1 0 1 1 
107 -- -740.4931592789446: 1 3 1 2 1 1 1 2 
108 -- -643.9006924605854: 2 2 0 2 1 0 1 1 
108 -- -740.4931592789446: 1 3 1 2 1 1 1 2 
109 -- -640.8253462302928: 2 2 0 2 1 0 1 1 
109 -- -740.4931592789446: 1 3 1 2 1 1 1 2 
110 -- 1019.8373268848536: 2 2 0 2 1 0 1 1 
110 -- -740.4931592789446: 1 3 1 2 1 1 1 2 
111 -- 889.4186634424268: 2 2 0 2 1 0 1 1 
111 -- -740.4931592789446: 1 3 1 2 1 1 1 2 
112 -- 80.7093317212134: 2 2 1 2 1 0 1 1 
112 -- -740.4931592789446: 1 3 1 2 1 1 1 2 
113 -- 785.4796658606067: 2 2 1 2 1 0 1 1 
113 -- -740.4931592789446: 1 3 1 2 1 1 1 2 
114 -- 678.2398329303034: 2 2 1 2 1 0 1 2 
114 -- -740.4931592789446: 1 3 1 2 1 1 1 2 
115 -- 1124.8699164651516: 2 2 1 2 1 0 2 2 
115 -- -740.4931592789446: 1 3 1 2 1 1 1 2 
116 -- 1228.3099582325758: 2 2 1 2 1 0 2 2 
116 -- -740.4931592789446: 1 3 1 2 1 1 1 2 
117 -- 1227.029979116288: 2 2 1 2 1 0 2 2 
117 -- -740.4931592789446: 1 3 1 2 1 1 1 2 
118 -- 876.264989558144: 2 2 1 2 1 0 2 2 
118 -- -740.4931592789446: 1 3 1 2 1 1 1 2 
119 -- 523.257494779072: 2 2 1 2 1 0 2 2 
119 -- -740.4931592789446: 1 3 1 2 1 1 1 2 
120 -- 573.878747389536: 2 2 1 2 1 0 2 2 
120 -- -740.4931592789446: 1 3 1 2 1 1 1 2 
121 -- 678.6893736947679: 2 2 1 2 0 0 2 2 
121 -- -740.4931592789446: 1 3 1 2 1 1 1 2 
122 -- 957.094686847384: 2 2 1 2 0 0 0 2 
122 -- -740.4931592789446: 1 3 1 2 1 1 1 2 
123 -- 652.1723434236919: 2 2 1 2 0 0 0 2 
123 -- -740.4931592789446: 1 3 1 2 1 1 1 2 
124 -- 671.836171711846: 2 2 1 0 0 0 0 2 
124 -- -740.4931592789446: 1 3 1 2 1 1 1 2 
125 -- 953.793085855923: 2 2 1 0 0 0 0 2 
125 -- -740.4931592789446: 1 3 1 2 1 1 1 2 
126 -- 1094.2715429279615: 2 2 1 0 0 0 0 2 
126 -- -740.4931592789446: 1 3 1 2 1 1 1 2 
127 -- 1210.5107714639807: 2 1 1 0 0 0 0 2 
127 -- -740.4931592789446: 1 3 1 2 1 1 1 2 
128 -- 1828.7553857319904: 2 1 1 0 0 0 0 2 
128 -- -740.4931592789446: 1 3 1 2 1 1 1 2 
129 -- 879.7526928659952: 2 1 1 0 0 0 0 2 
129 -- -740.4931592789446: 1 3 1 2 1 1 1 2 
130 -- 739.2513464329976: 2 1 1 0 0 3 0 2 
130 -- -740.4931592789446: 1 3 1 2 1 1 1 2 
131 -- 1125.7506732164989: 2 1 3 0 0 3 0 2 
131 -- -740.4931592789446: 1 3 1 2 1 1 1 2 
132 -- 688.2503366082494: 2 1 3 0 1 3 0 2 
132 -- -740.4931592789446: 1 3 1 2 1 1 1 2 
133 -- -104.37483169587529: 2 1 3 0 1 3 0 2 
133 -- -740.4931592789446: 1 3 1 2 1 1 1 2 
134 -- 543.4375841520623: 2 1 3 0 1 3 0 2 
134 -- -740.4931592789446: 1 3 1 2 1 1 1 2 
135 -- 367.34379207603115: 2 1 3 0 0 3 0 2 
135 -- -740.4931592789446: 1 3 1 2 1 1 1 2 
136 -- -26.578103961984425: 2 1 3 0 0 3 0 2 
136 -- -740.4931592789446: 1 3 1 2 1 1 1 2 
137 -- 209.4609480190078: 2 1 3 0 0 3 0 2 
137 -- -740.4931592789446: 1 3 1 2 1 1 1 2 
138 -- 352.9804740095039: 2 1 3 0 0 3 0 2 
138 -- -740.4931592789446: 1 3 1 2 1 1 1 2 
139 -- 7.240237004751947: 2 1 3 0 0 3 0 2 
139 -- -740.4931592789446: 1 3 1 2 1 1 1 2 
140 -- 495.495118502376: 2 2 3 0 0 3 0 2 
140 -- -740.4931592789446: 1 3 1 2 1 1 1 2 
141 -- 646.997559251188: 2 2 3 2 0 3 0 2 
141 -- -740.4931592789446: 1 3 1 2 1 1 1 2 
142 -- 769.373779625594: 2 2 3 2 0 3 0 2 
142 -- -740.4931592789446: 1 3 1 2 1 1 1 2 
143 -- 895.9368898127971: 2 2 3 2 0 3 0 1 
143 -- -740.4931592789446: 1 3 1 2 1 1 1 2 
144 -- 2010.2184449063984: 2 2 0 2 0 3 0 1 
144 -- -740.4931592789446: 1 3 1 2 1 1 1 2 
145 -- 1350.1092224531992: 1 2 0 2 0 3 0 1 
145 -- -740.4931592789446: 1 3 1 2 1 1 1 2 
146 -- 801.9296112265996: 1 2 0 2 0 3 0 2 
146 -- -740.4931592789446: 1 3 1 2 1 1 1 2 
147 -- 746.9648056132999: 2 2 0 2 0 3 0 2 
147 -- -740.4931592789446: 1 3 1 2 1 1 1 2 
148 -- 718.4824028066499: 2 2 0 2 0 3 0 2 
148 -- -740.4931592789446: 1 3 1 2 1 1 1 2 
149 -- 1050.491201403325: 2 2 0 2 0 3 0 2 
149 -- -740.4931592789446: 1 3 1 2 1 1 1 2 
150 -- 1389.3706007016626: 2 2 0 0 0 3 0 2 
150 -- -740.4931592789446: 1 3 1 2 1 1 1 2 